2.37
2.27
2.01
1.91
2.00
2.01
2.12
1.62
1.97
2.04
2.00
2.06
1.62
2.13
1.71
1.82
1.11
1.54
2.02
1.52
0.92
2.16
1.96
1.60
2.04
2.27
1.91
2.33
2.08
2.01
2.05
0.80
1.72
2.06
1.91
1.93
1.97
2.39
2.57
2.21
1.96
0.66
0.59
1.08
1.89
1.96
2.06
2.17
2.02
2.15
2.25
-0.50
0.81
0.58
2.34
-1.42
2.02
1.95
0.52
2.26
-0.63
0.47
0.28
0.66
0.93
0.51
-0.57
-4.31
-5.29
1.82
1.91
-5.32
-5.34
-5.00
0.93
2.37
-4.45
0.94
-5.24
-5.25
-5.26
-5.14
1.89
0.30
-0.57
-5.26
-4.39
2.91
-5.31
-5.33
2.03
2.14
2.13
2.45
1.68
2.57
1.35
1.68
1.97
1.82
2.05
-4.15
1.97
2.35
2.44
-5.33
2.49
2.08
-4.15
1.92
-5.20
2.13
2.91
-5.24
0.76
-5.39
2.47
2.37
1.96
-4.31
3.02
-4.01
1.98
2.54
-5.31
2.40
-5.15
2.48
-5.25
2.37
2.08
2.23
2.38
-5.25
2.34
2.42
2.07
2.28
-4.05
-3.79
2.47
2.33
2.44
0.34
2.56
2.35
2.52
2.44
2.54
2.66
2.10
-5.30
1.54
1.81
2.34
-5.09
3.03
2.33
-5.11
2.54
-3.75
2.22
2.47
-5.14
2.01
-5.27
2.05
2.33
1.84
-5.27
1.64
-4.82
2.43
2.56
-5.21
2.48
-5.22
2.94
-5.15
2.94
3.11
2.63
2.47
-5.41
2.99
3.03
3.37
2.89
-5.09
-5.38
3.01
2.56
2.43
2.92
1.75
2.61
2.47
2.60
2.55
3.38
1.26
-4.28
-3.88
-3.70
2.27
-5.25
2.51
2.02
-5.08
3.45
-3.98
-5.30
-5.17
3.14
2.67
0.19
-5.12
-4.32
-4.12
1.72
2.49
-4.41
-5.23
-5.20
2.87
2.55
-5.23
0.92
-5.24
-5.19
-5.27
-5.37
1.66
-0.39
-5.45
-5.46
2.64
1.66
-5.38
-4.99
1.83
0.92
2.15
1.96
2.47
2.55
2.54
3.31
2.55
2.08
2.66
2.40
2.22
-4.85
2.25
-5.16
2.72
2.17
-4.89
2.09
-4.53
-4.48
3.32
2.46
3.38
-5.21
1.70
1.96
1.14
2.49
3.00
-4.80
-5.15
2.01
2.35
3.72
-5.23
2.56
2.49
3.18
3.60
-4.80
2.32
-5.23
2.31
3.14
2.43
2.09
0.60
-3.67
2.25
3.29
0.99
3.20
3.53
1.80
3.40
3.05
3.49
3.52
0.96
2.86
1.51
-5.25
1.56
-3.79
2.11
3.20
-5.14
3.24
-5.15
1.84
-5.33
3.35
3.37
-3.81
2.07
3.51
2.31
1.88
2.16
-3.79
2.17
-3.79
2.06
3.30
-4.83
3.69
3.51
3.83
2.00
-4.80
0.59
-5.28
2.05
2.92
2.07
1.86
0.83
2.22
1.99
3.85
2.19
1.40
2.01
2.02
3.47
1.92
2.99
3.02
3.02
-5.09
-3.53
-5.23
2.29
-3.64
-3.91
-4.86
-4.76
1.62
-5.15
2.38
3.44
-4.95
2.83
-5.07
2.09
2.15
1.24
3.10
3.64
-4.83
3.03
2.74
-4.75
0.90
-4.69
3.43
-5.05
-5.10
-5.17
-4.66
2.11
-5.07
-3.80
-4.11
-4.23
3.12
-5.24
-5.25
1.82
3.18
2.87
1.63
1.96
3.13
1.69
1.54
2.77
2.10
1.57
1.16
1.93
1.30
1.88
3.35
1.04
1.58
2.13
1.04
2.38
1.08
2.06
1.65
1.60
2.13
1.06
1.49
1.04
2.12
2.01
2.20
2.60
3.69
1.95
1.57
2.80
5.45
1.30
1.85
0.95
2.22
0.70
2.09
1.97
1.03
4.35
1.92
2.87
1.22
1.85
0.69
2.27
3.84
2.15
4.39
1.50
0.79
1.04
5.11
1.38
0.57
-0.03
-0.02
-1.11
-4.59
-0.35
-0.01
-0.31
-0.27
0.36
0.01
-0.34
0.24
-0.34
-0.31
0.06
-0.06
-0.52
-0.28
0.01
-0.12
0.13
0.05
-0.29
-0.54
-0.04
0.77
0.95
0.87
1.04
1.39
1.52
-0.33
0.01
-0.05
-0.38
-0.08
-0.08
0.12
-0.51
-0.07
0.07
0.13
-0.09
0.36
0.06
0.42
0.33
-0.01
-0.12
-0.14
0.14
0.20
-4.77
-2.91
-5.10
-5.78
0.24
-0.06
0.15
0.48
-0.10
-0.35
-0.14
0.02
1.08
0.09
0.09
-0.17
0.00
-0.13
-0.08
1.29
0.12
-0.36
-0.40
-0.40
0.08
-0.34
-0.32
0.02
-0.46
-0.01
-0.25
0.48
-0.26
1.01
-0.18
0.64
0.55
-0.10
-0.15
0.02
0.35
1.59
-0.05
0.63
-0.49
-0.00
0.35
0.00
0.03
1.32
-4.76
0.56
-4.76
0.38
-0.30
0.67
-4.80
-0.43
0.70
0.03
-0.10
1.31
1.67
-0.29
-0.97
-0.23
0.33
-0.06
1.02
-0.36
0.06
0.11
-0.16
0.07
0.12
0.02
0.05
-0.02
-0.32
0.28
-0.10
-0.36
-0.08
-0.02
0.13
-0.41
-0.11
-0.14
0.10
-0.24
0.32
1.21
-0.08
0.25
0.04
-0.08
-0.11
-0.07
-0.01
-0.04
1.03
-5.26
-3.78
0.25
0.41
0.29
0.18
0.91
-0.01
-0.02
0.39
1.73
-0.40
-0.09
-0.34
0.96
1.01
-0.39
-0.07
0.06
0.02
-0.01
-0.51
-0.18
-0.60
-0.35
0.04
-0.31
-0.27
-0.47
0.42
0.57
-0.24
-0.01
-0.30
0.57
0.75
-0.03
0.31
1.42
0.34
-0.01
0.50
-0.48
-0.03
1.21
-0.32
-0.00
0.14
0.04
0.25
-0.04
-4.77
1.98
0.03
0.66
-0.09
0.22
0.04
2.44
-0.27
-0.04
0.58
0.24
-0.08
-0.43
-0.47
0.21
-0.09
0.88
-0.36
-0.08
0.14
0.44
0.89
0.65
-0.25
-0.30
0.30
0.93
1.10
-0.02
0.01
0.26
-0.31
-0.37
0.10
-0.45
0.05
0.07
0.20
-0.07
0.03
0.05
-0.27
0.06
0.98
-0.33
-0.33
0.32
-0.58
-0.39
-5.31
-1.20
-0.01
0.78
-0.22
0.02
0.36
0.49
0.13
-4.76
1.96
0.12
1.04
0.30
-0.35
-0.07
1.61
0.06
0.33
0.30
-0.46
0.12
-0.33
0.26
0.15
0.14
-0.17
-0.05
-0.22
0.59
-0.22
-0.04
-0.03
-0.26
-0.45
0.64
0.06
-0.41
0.43
-0.00
-0.33
-0.14
-4.79
0.57
0.29
-0.03
-0.24
-0.21
0.13
0.26
0.10
-5.09
0.73
-0.12
-0.02
-0.14
-0.12
-0.11
-0.44
0.14
-0.10
-0.02
1.15
-0.27
0.66
-0.02
0.24
0.29
0.04
1.57
-0.35
0.30
0.25
0.06
1.45
-0.08
0.95
-0.25
-1.25
-0.04
1.01
-0.69
-0.02
0.04
-0.37
-0.17
0.07
-0.52
0.07
0.10
-5.18
2.66
2.43
0.46
-0.27
-0.06
0.32
0.07
-0.07
0.98
-0.31
-0.53
-0.00
0.09
0.38
-0.05
-0.32
0.39
0.19
0.13
-0.11
0.22
-4.28
0.95
1.29
-0.08
-0.24
-0.29
0.06
0.02
0.93
-0.24
0.28
-0.42
-0.45
-0.15
-0.00
0.41
0.65
0.40
0.16
0.02
1.18
-0.28
-0.27
-0.32
0.01
-0.34
-4.84
0.25
1.35
0.95
0.71
0.98
-0.41
0.38
0.13
-0.07
0.14
0.33
0.17
0.34
-5.35
-0.05
0.99
0.26
0.28
1.29
0.58
0.94
1.12
-0.35
-0.04
-4.94
-0.08
-0.68
0.05
0.03
0.10
0.84
0.37
-0.41
0.13
0.02
1.36
0.32
1.45
-0.06
0.48
0.31
-0.35
0.51
-0.08
-0.11
0.06
0.44
0.63
-0.06
-0.37
-0.07
-0.32
0.37
-0.31
0.27
-0.03
-0.18
0.83
-0.25
-0.03
0.11
0.04
-0.04
-0.20
1.13
-0.10
-0.27
0.31
-0.06
1.33
-0.78
0.43
-0.29
0.43
-0.13
1.79
0.39
-0.09
-0.08
-0.01
0.32
0.28
-0.03
-0.03
-0.08
0.52
-0.33
-0.08
0.07
-0.13
0.03
0.27
-0.14
-0.41
-0.02
0.09
-0.03
0.04
0.25
-0.06
-0.08
0.01
0.66
-0.36
0.25
-0.43
0.46
0.70
0.01
0.99
0.02
0.09
-0.29
0.05
-4.77
2.07
0.16
-0.25
1.04
-0.21
-0.69
0.27
0.03
-0.07
-0.24
-0.04
1.99
-0.33
0.15
0.01
1.34
0.55
-0.06
3.17
-0.40
0.51
-3.70
-5.23
-0.07
1.00
0.09
-0.21
-0.49
0.34
4.21
0.00
-0.14
0.09
-0.03
-0.22
-0.16
-0.11
-0.58
1.06
1.10
-0.02
1.53
-0.02
0.31
0.32
0.00
-0.17
-0.25
0.98
-0.32
2.04
0.18
-0.44
1.13
0.42
-0.03
-0.12
0.19
0.37
-0.11
0.08
-0.11
-0.46
-0.18
-0.03
0.50
-0.07
-0.26
-0.37
1.65
0.18
2.06
2.08
0.68
0.29
0.04
0.78
0.24
0.02
-0.41
1.24
1.08
-0.08
-0.14
-0.11
0.88
0.15
0.32
-0.07
-0.37
0.11
0.38
-0.13
-0.01
0.39
0.12
-0.05
-0.48
-0.18
0.28
0.16
1.23
-0.58
0.87
0.32
0.11
-0.41
0.30
0.65
-0.35
0.19
0.38
-0.11
0.25
-0.19
-0.11
0.20
-0.05
0.91
0.21
1.02
0.63
-0.13
0.35
0.74
0.96
-0.01
-0.20
-0.44
0.67
0.60
0.25
0.04
-0.10
-0.00
0.26
1.28
0.12
0.42
0.63
0.33
0.32
-0.11
-0.15
0.67
0.61
0.04
1.01
0.08
1.01
-0.60
-4.57
0.54
-0.07
1.49
-0.11
1.85
0.24
-0.05
1.26
0.25
0.55
0.14
0.11
0.99
-0.12
0.28
0.03
0.36
-0.03
0.74
0.26
0.18
0.14
0.20
1.37
-0.31
0.38
0.00
0.16
-0.02
1.39
-0.11
0.09
0.68
-0.06
0.16
-0.10
0.95
0.37
-0.05
-0.40
-0.17
-0.19
-0.06
0.10
-0.45
0.05
0.65
-0.47
0.04
0.52
-5.32
1.54
-0.11
-0.10
0.65
1.00
0.79
0.25
0.83
-0.32
1.75
0.85
-0.05
0.48
0.07
0.08
-0.08
0.19
0.28
0.20
0.20
1.08
-0.14
0.55
0.73
0.17
-0.44
0.52
-0.38
0.34
1.00
0.01
0.17
1.27
0.57
0.64
0.90
1.36
-0.16
-0.04
0.10
-0.28
-0.40
0.13
0.95
-0.43
0.07
0.08
-0.62
0.63
-4.73
-4.76
-0.08
0.91
-4.59
1.81
0.38
0.32
0.81
0.10
0.13
0.58
1.44
-0.35
0.58
-0.26
1.15
-0.43
1.04
1.31
1.33
0.67
0.76
0.34
0.59
0.29
0.94
1.14
0.70
0.85
0.25
0.87
1.91
0.88
1.31
0.72
2.12
-0.13
-0.29
0.49
-0.53
-0.20
0.44
-0.63
-0.44
-0.55
-0.27
0.05
-0.10
-0.32
-0.29
-4.81
-4.74
-4.68
0.07
3.45
-0.16
3.17
0.29
0.51
0.39
0.14
0.17
1.03
0.44
0.39
1.20
0.98
0.23
0.96
0.19
-0.34
0.01
1.35
-0.44
1.04
0.80
-0.31
0.09
1.28
0.87
-0.33
0.29
1.04
1.82
-0.18
-0.01
0.39
-3.48
-4.77
-5.18
-4.95
-3.58
-4.43
0.54
-0.81
0.72
-0.09
-0.03
0.09
0.02
0.50
-5.36
0.83
0.98
0.18
1.02
0.10
0.89
1.04
0.97
0.32
0.39
0.10
0.11
-0.08
0.23
0.74
4.44
0.87
1.47
0.26
0.14
1.93
1.14
0.24
0.91
0.55
0.99
0.43
0.12
0.21
1.49
1.03
-4.36
0.04
-0.35
0.06
-3.69
-4.63
-4.78
-4.94
-4.75
-3.33
0.67
-0.27
-0.52
-0.50
-0.75
0.59
0.12
-0.38
0.26
0.64
0.93
4.22
0.33
0.34
0.91
0.61
0.37
0.91
0.21
0.39
0.88
0.29
1.57
0.86
1.31
1.33
-0.21
0.55
1.35
1.40
0.88
1.72
0.92
0.84
0.23
0.76
0.14
0.95
0.08
-5.05
-0.06
-0.43
1.30
0.29
-3.55
-2.08
-5.18
-4.78
-5.22
-3.76
-5.01
-4.99
-0.03
-0.39
1.42
0.01
0.19
-0.16
0.18
0.59
0.84
0.23
0.89
1.47
0.63
0.05
0.80
0.58
0.59
1.44
0.27
1.47
0.84
0.87
0.69
0.86
1.53
0.25
1.89
0.38
0.27
0.87
0.95
1.38
0.13
1.40
0.81
1.38
1.02
0.90
0.04
0.10
0.66
0.86
-5.24
-5.06
-4.99
-4.92
-3.79
-4.76
-1.04
-4.70
-0.28
0.18
0.65
-0.17
-0.44
-3.91
0.72
1.07
0.50
0.75
1.04
-4.70
0.68
-0.39
0.23
0.50
0.87
0.26
0.33
1.28
0.30
0.10
1.02
0.44
1.47
0.84
0.88
1.80
0.26
-5.44
-5.11
0.30
1.26
0.42
1.50
0.76
0.64
0.95
-5.11
-0.05
-0.33
-0.06
-5.73
-3.50
-3.88
-4.82
-5.13
-3.74
-4.27
-4.52
-0.30
0.66
-0.29
-0.16
-0.44
2.57
0.93
1.28
1.00
0.78
2.02
0.34
2.28
-4.73
-4.45
2.04
0.90
0.65
1.04
0.56
1.34
2.06
1.18
1.21
0.64
1.22
0.84
-5.27
1.76
0.59
0.84
0.89
1.27
0.82
1.21
0.03
0.92
0.49
0.31
0.32
-0.28
-0.20
-5.92
-3.84
-4.69
-0.51
-5.30
-4.99
-5.23
-5.02
-0.83
0.15
-1.84
0.11
-0.05
0.20
1.64
0.77
0.11
1.02
0.83
-0.02
-3.10
-5.01
-4.70
2.15
1.34
1.58
0.52
1.16
0.68
1.21
0.18
2.32
1.28
0.24
1.92
-5.06
-0.54
-0.40
-5.16
1.96
0.16
1.08
1.36
0.94
0.65
4.21
0.54
-0.47
-0.46
0.71
-1.36
-5.10
-4.68
-4.71
-4.80
-4.59
-3.63
0.62
-5.07
-0.22
1.03
-2.12
-4.99
1.78
0.89
1.47
0.38
0.38
0.90
-4.70
-4.76
-0.52
0.26
0.61
1.79
1.89
1.17
1.67
1.81
0.72
0.39
1.45
0.91
1.89
0.15
1.86
-0.47
1.12
-3.55
2.33
1.15
2.01
0.94
1.22
0.14
0.65
0.86
-5.25
-0.23
-0.45
-4.64
-3.54
-5.07
-5.11
-4.20
-5.40
-5.07
0.95
-0.41
-2.20
-0.04
-0.20
2.04
1.00
1.04
1.60
0.58
1.09
0.58
0.24
0.61
0.14
1.97
1.32
0.32
0.86
0.80
2.14
1.05
1.15
1.30
0.61
1.50
1.19
2.06
1.40
2.03
0.24
1.25
0.80
1.53
0.16
0.26
0.74
1.22
1.83
0.54
1.97
-0.42
-0.09
-4.75
-4.65
-3.87
-4.84
-4.40
-4.75
-1.13
-0.47
0.84
0.01
-0.10
0.66
1.13
0.90
1.14
0.31
1.95
1.18
1.93
1.71
1.91
1.77
1.66
1.25
2.06
0.95
-4.77
-3.89
-3.72
0.06
1.54
1.39
1.39
2.14
1.59
0.82
1.52
1.87
1.96
2.08
0.30
1.83
1.28
1.77
0.51
1.17
2.00
2.15
0.07
1.04
-5.18
-4.12
-5.22
-4.75
-5.07
-5.13
-5.38
-4.44
-0.46
-0.58
0.62
0.44
0.24
1.63
-0.24
0.08
1.01
2.30
0.77
1.39
2.15
0.39
1.98
1.57
2.03
1.53
1.60
2.11
1.81
1.58
1.62
1.92
1.52
1.55
0.37
1.66
1.21
2.08
1.89
1.95
1.23
4.24
-0.37
0.72
1.60
1.72
1.93
1.63
-4.99
-0.44
-3.20
-4.49
-4.82
-4.31
-4.39
-2.96
-4.16
-0.10
0.07
-0.03
-0.16
-5.21
2.01
0.11
0.19
0.16
0.32
1.25
0.86
1.07
0.90
1.52
1.74
1.78
1.75
2.15
1.60
1.95
2.15
1.67
1.89
2.31
1.54
1.77
1.89
1.68
1.87
1.95
1.48
0.14
0.87
0.27
0.05
-0.42
-0.49
1.95
1.89
1.32
0.54
-0.10
0.55
0.50
-0.90
-0.78
-1.03
0.24
0.18
-0.00
-0.03
0.50
-0.17
-5.30
-0.06
0.02
-0.01
0.68
-0.21
0.14
1.95
0.94
1.84
1.90
1.98
1.93
1.77
1.12
1.41
1.92
1.82
1.88
1.35
2.32
1.73
1.77
1.61
1.97
2.05
2.16
1.78
-0.09
-0.13
0.07
1.38
1.26
-0.06
0.32
1.81
1.72
1.41
0.27
-0.08
0.07
-0.41
0.01
-0.22
-0.52
-0.07
-0.22
0.06
-0.10
-0.43
0.33
0.02
-0.07
0.21
1.37
-0.18
0.16
1.75
1.83
1.85
1.84
2.02
1.84
1.82
0.75
2.26
-4.75
-0.46
-3.38
-4.76
1.20
1.46
3.79
2.18
2.26
1.91
1.69
1.73
1.42
0.31
0.52
0.39
-0.22
0.90
1.73
1.58
1.69
1.28
0.16
0.08
-0.07
0.10
0.15
0.66
-0.31
-0.07
-0.03
0.22
-0.08
-0.07
0.28
0.52
-0.04
0.06
0.05
-0.15
0.21
1.92
1.84
1.84
1.74
1.79
1.64
1.32
2.35
-0.77
-0.30
1.11
0.28
-0.67
0.02
1.92
1.83
2.06
1.92
1.38
1.83
1.71
0.89
0.17
-0.03
0.56
1.38
0.92
1.67
2.31
1.68
2.28
-4.71
0.39
1.07
-1.13
0.22
0.77
-0.04
0.10
0.03
-0.45
0.03
1.90
-4.72
0.16
1.38
0.32
0.14
1.74
2.08
1.84
2.02
2.27
1.83
0.86
2.24
1.83
-3.40
0.32
-0.01
0.13
2.55
0.05
0.06
2.48
1.62
0.20
2.19
1.86
1.83
2.04
2.14
0.12
-0.32
0.18
1.07
2.07
1.88
2.03
1.75
1.84
0.24
-0.46
-0.48
-0.32
0.06
0.87
0.11
0.46
-0.13
-0.11
-0.26
-0.19
-0.34
0.08
1.79
1.44
1.83
2.04
1.81
2.03
0.86
2.00
1.91
1.62
1.96
1.42
1.85
-0.63
0.22
-0.32
-0.11
0.95
0.56
1.93
1.71
2.06
1.82
1.80
1.64
1.72
2.49
1.84
1.49
2.31
1.52
1.92
1.69
1.74
1.60
1.85
2.23
-0.07
0.10
0.36
0.21
0.02
1.13
-0.10
0.79
0.08
0.35
-0.07
-0.41
0.12
2.00
1.70
1.34
1.49
1.57
1.71
1.77
1.79
1.58
1.95
1.84
2.06
1.77
-0.42
0.28
0.93
-0.07
0.03
-0.37
1.95
1.92
2.45
1.01
1.71
0.65
1.71
1.82
1.94
5.02
1.94
1.82
1.75
1.75
1.94
1.34
1.15
1.60
0.07
0.39
-0.13
0.37
-0.04
0.00
0.69
-0.01
0.27
0.17
-0.06
-0.02
-4.53
0.42
1.75
1.94
1.63
1.59
2.19
1.94
2.28
2.44
1.78
1.72
2.06
2.00
1.84
0.56
-0.03
-4.29
0.49
-0.34
1.75
1.59
2.37
1.84
2.00
1.97
0.68
1.74
0.40
1.12
2.00
1.83
2.19
2.02
1.76
1.96
1.66
2.31
1.04
-0.34
-0.04
1.05
-0.06
-0.21
0.12
0.23
0.39
-0.10
-0.25
1.09
0.05
0.20
1.70
2.04
1.88
2.36
2.39
2.31
1.79
0.65
1.04
1.76
1.96
1.52
1.25
1.34
1.91
2.08
1.33
2.26
1.29
1.77
1.88
1.61
2.29
2.18
1.62
1.89
2.02
1.37
2.03
2.41
1.34
1.77
2.47
1.90
2.15
1.96
-0.01
0.18
0.05
0.04
1.16
0.18
0.26
0.11
-0.41
1.06
-0.36
-0.13
1.12
-5.12
2.10
1.50
1.91
2.19
2.17
1.49
1.65
0.65
2.04
1.76
2.01
1.43
1.31
1.93
1.77
1.45
1.46
1.69
1.68
1.47
1.74
1.94
1.91
1.98
4.22
2.02
1.92
1.64
1.68
1.92
1.51
1.86
1.96
1.96
1.89
1.93
0.54
-0.73
0.05
-0.42
0.24
-0.10
0.21
0.15
-0.49
0.47
-0.07
-0.14
0.64
0.31
0.01
2.30
2.28
1.71
1.87
1.37
2.05
2.00
2.00
1.66
0.86
1.88
1.86
1.99
2.01
2.17
1.90
2.05
1.87
1.83
1.90
2.46
1.50
1.85
1.65
2.01
2.02
0.47
1.97
2.28
2.72
1.90
2.03
2.17
2.35
1.88
0.08
-0.14
0.28
-0.25
-0.08
0.04
-0.18
-0.23
0.14
-0.08
0.56
-0.04
0.08
-0.03
0.28
1.83
0.35
1.17
1.63
1.82
1.75
1.93
2.31
1.84
1.50
1.89
2.04
1.71
1.98
1.81
2.31
1.89
1.96
1.88
2.12
1.99
2.12
1.84
1.92
1.84
2.04
0.94
0.38
1.72
1.68
1.94
1.85
2.01
1.43
2.05
1.00
-0.41
-0.36
1.70
0.02
-0.51
-0.09
0.35
-0.28
-0.02
-0.04
0.11
1.35
0.13
0.02
1.76
1.55
1.74
2.30
0.38
4.42
1.98
1.88
2.00
2.08
2.44
1.94
2.06
2.28
1.70
1.63
1.82
2.00
1.74
1.86
1.62
1.76
2.09
1.55
1.56
1.19
2.19
2.65
1.95
1.95
1.56
1.97
1.76
1.80
2.26
-0.05
-0.24
-0.34
0.11
-0.12
-0.33
-0.32
-0.05
-0.04
-0.34
0.08
0.66
-0.27
-0.04
-0.45
1.98
2.41
2.04
1.83
0.20
2.11
1.97
1.88
1.62
2.21
1.44
1.96
1.58
1.75
2.24
1.88
1.85
2.17
1.99
2.00
2.03
1.96
2.04
2.05
2.04
1.74
1.83
2.38
2.48
1.88
2.01
1.93
2.09
1.88
0.95
