3.00
2.84
2.33
2.28
2.13
2.42
2.13
1.82
2.40
2.30
2.30
2.16
2.29
2.38
2.08
2.73
2.22
2.62
2.69
2.14
2.51
2.53
2.12
3.69
2.40
2.25
2.50
2.23
2.25
2.37
2.71
2.26
2.20
2.27
2.23
2.66
2.33
3.02
3.00
2.30
2.16
2.32
3.78
2.42
2.73
2.50
2.29
2.26
2.75
3.17
2.33
-8.61
-7.33
-7.06
2.26
-5.92
2.74
2.13
-6.31
2.08
-4.90
-7.35
-5.99
2.22
2.67
-6.20
-5.28
-5.78
-5.34
2.93
2.42
-5.72
-5.14
-5.80
2.60
2.24
-5.99
2.32
-5.68
-5.41
-5.49
-5.50
2.10
-5.16
-4.89
-5.94
-5.82
2.89
-5.61
-5.41
3.11
2.46
2.19
2.81
2.04
3.15
2.29
2.61
2.97
2.68
2.35
-5.79
2.71
2.87
2.92
-5.75
2.74
2.84
-5.73
1.49
-5.60
2.47
2.41
-5.54
2.88
-4.69
2.90
3.19
2.42
-5.97
3.03
-5.71
2.39
2.96
-5.41
2.70
-5.01
3.41
-5.31
2.72
3.23
3.39
2.45
-5.87
3.12
2.51
2.95
3.22
-5.41
-5.42
2.36
3.11
3.32
2.60
3.16
2.68
2.93
2.55
3.11
2.94
2.48
-5.11
2.73
2.62
2.99
-5.31
3.26
2.95
-5.05
3.31
-5.63
3.67
2.98
-5.42
2.58
-5.77
2.70
3.02
0.09
-5.23
2.29
-6.12
2.53
3.14
-5.50
3.02
-5.45
3.14
-5.44
3.30
3.28
3.02
3.15
-4.91
3.35
3.24
3.45
3.37
-5.54
-5.13
3.36
2.94
2.81
3.32
3.34
3.02
3.13
3.13
3.02
3.19
2.87
-6.07
-5.78
-5.57
3.60
-5.59
3.11
2.47
-4.46
3.52
-4.93
-5.34
-5.35
2.81
3.07
-5.34
-4.38
-5.62
-5.61
2.58
3.24
-5.73
-5.60
-5.20
3.31
3.10
-5.66
3.28
-5.82
-5.76
-5.57
-5.13
2.94
-4.55
-4.98
-4.71
3.15
2.68
-4.58
-4.85
3.64
4.43
3.61
3.39
3.22
3.31
3.37
3.63
3.18
2.96
3.28
3.34
3.45
-5.31
3.41
-5.46
3.31
3.64
-4.89
3.26
-4.96
-4.79
3.36
3.19
3.31
-5.14
3.58
2.59
3.33
3.52
3.46
-5.37
-5.54
2.79
3.46
3.58
-5.28
3.16
3.18
3.30
3.50
-4.95
3.79
-5.47
3.80
3.52
3.41
3.54
-5.57
-5.13
3.45
3.37
3.23
3.36
3.65
3.39
3.76
3.28
3.51
3.98
4.07
3.98
3.03
-5.01
3.45
-5.28
3.67
3.28
-5.66
3.60
-5.41
4.14
-5.64
3.59
3.45
-5.55
3.72
3.52
4.17
3.77
3.47
-5.58
3.39
-5.25
3.78
3.50
-5.20
3.51
4.20
2.62
4.51
-5.09
2.66
-5.11
3.46
3.91
3.84
3.74
3.99
3.73
3.80
3.55
3.75
3.72
3.02
3.62
3.40
3.88
3.70
3.72
3.51
-5.32
-5.28
-5.26
3.28
-5.44
-5.76
-5.04
-5.26
4.08
-5.53
4.09
3.72
-5.20
3.58
-5.19
4.36
3.75
3.62
3.69
3.78
-5.02
3.78
3.78
-5.08
5.26
-5.15
3.69
-5.29
-5.18
-4.82
-4.83
3.72
-5.16
-5.67
-5.42
-5.37
3.53
-5.21
-5.28
4.38
3.66
3.93
2.56
3.95
3.64
5.56
4.30
3.91
4.07
4.94
3.70
4.43
4.24
4.46
3.75
4.57
3.74
3.82
2.17
3.90
2.88
3.54
5.23
4.41
4.95
6.52
4.80
3.69
4.94
3.69
8.06
4.34
4.60
1.83
4.95
5.43
6.08
5.78
6.38
6.75
5.81
6.83
5.72
4.36
0.14
5.96
6.60
7.39
7.88
4.54
9.35
8.40
7.82
6.20
9.07
6.56
5.13
6.07
7.63
-0.85
-0.23
-0.22
-0.22
-3.68
-4.68
-0.67
-1.01
-0.07
-0.13
0.06
-0.05
-0.50
-0.15
-0.52
-0.42
-0.74
-0.71
-0.90
-0.53
-0.18
-0.91
-0.38
-0.27
-0.39
-0.55
-1.07
-0.00
-0.30
0.01
-0.80
-0.47
0.00
-0.58
-0.57
-0.13
-0.10
-0.20
-0.08
0.54
-0.09
0.23
0.37
-0.30
0.07
0.01
-0.07
0.08
0.06
-0.03
-1.25
-0.82
-0.63
-0.38
-5.00
-4.95
-4.62
-4.25
-1.43
0.02
0.01
0.01
-0.14
-0.36
-0.83
-0.87
-0.44
-0.44
-0.30
-0.42
-0.05
-0.30
0.11
-0.01
-0.31
-0.90
-0.11
-0.40
-0.73
-0.66
0.15
-0.01
-1.11
-0.37
-0.62
0.01
-0.87
-0.81
-0.13
-0.00
-0.04
-0.01
0.17
0.27
0.11
0.03
-0.29
-0.01
-0.07
-0.03
-0.58
-0.07
-0.53
0.02
-5.06
-4.73
-4.68
0.00
-0.08
0.47
-4.98
-0.07
0.01
-0.05
-0.40
-0.99
0.00
-0.20
-0.21
-0.50
-0.28
-0.13
0.05
-0.50
-0.64
-0.44
-0.00
-0.23
-0.35
-0.01
-0.07
-0.71
-0.08
0.34
-0.51
-0.41
0.05
-0.07
-0.07
-0.07
-0.11
-0.12
0.04
-0.07
0.06
0.00
0.24
-0.07
-0.07
0.28
-0.45
-0.33
-0.02
-0.78
-4.37
-5.36
-5.26
0.01
0.08
0.02
-0.31
2.06
-0.02
-0.40
-0.52
-0.98
-0.07
-0.11
0.01
-0.41
-0.75
-0.97
-0.08
-0.04
-0.03
-0.56
-0.67
-0.10
-0.48
-0.14
-0.82
-0.46
-0.49
-0.07
0.02
0.25
-0.17
-0.06
-0.25
-0.07
-0.01
-0.07
0.07
0.06
0.03
-0.07
0.27
-0.15
0.33
0.02
-0.39
-0.34
-0.23
0.29
0.70
-0.03
-4.53
2.30
0.02
0.56
0.26
0.04
-0.05
2.24
-0.43
-0.62
0.03
0.01
-0.09
-0.10
-0.12
-0.02
-0.11
-0.03
-0.90
0.19
0.02
0.02
-1.25
-0.43
-0.30
-0.20
0.03
-0.16
0.01
-0.04
-0.06
0.04
-0.07
-0.70
-1.46
-1.52
-1.20
-1.33
-0.16
-1.51
-1.34
-1.38
-1.14
-1.20
0.03
-0.54
-0.07
-0.00
-0.21
-0.07
-4.94
-2.47
-0.11
-0.04
-0.07
0.19
-0.01
0.18
-0.10
-5.08
0.08
-0.39
0.15
-0.26
-0.51
-0.07
-0.02
-0.07
0.04
-0.01
-0.18
-0.37
-0.07
0.05
-0.05
0.04
-0.05
-0.24
-0.34
-0.38
-0.40
-0.20
-0.09
-0.08
-1.34
-3.38
-2.64
-2.14
-3.10
-1.99
-1.66
-0.79
-4.78
0.00
-0.07
-0.07
-1.19
-0.07
-0.19
-0.10
0.79
-4.89
0.14
0.44
0.29
0.16
-0.04
-0.56
-0.07
0.06
-0.07
-0.13
0.01
-0.41
0.06
-0.15
-0.04
-0.00
0.04
0.06
-0.96
-0.60
-0.44
-0.42
0.04
-0.65
-0.19
-0.07
-0.52
-0.08
0.82
-0.08
-0.09
0.01
-1.60
-2.16
-1.75
-1.87
-1.78
-2.10
-5.56
2.97
2.70
0.38
-0.39
-0.05
0.04
0.16
-0.03
0.59
-0.07
-1.56
-0.07
0.32
0.06
0.37
-0.07
0.09
0.70
0.01
-0.05
0.03
-5.03
-0.20
0.04
0.22
-0.42
-0.25
-0.09
-0.39
-0.03
-0.04
-0.00
-0.61
-0.07
0.19
-0.07
0.01
0.11
0.65
0.92
-0.02
0.03
-0.50
-1.83
-1.54
-1.93
-2.09
-5.69
0.05
2.22
0.04
0.01
0.25
-0.56
0.09
-0.23
0.21
-0.14
0.18
0.07
0.02
-4.89
0.13
0.00
0.35
0.05
0.05
0.13
0.01
0.07
-0.07
-0.02
-4.88
0.42
-0.38
-0.11
-0.02
-0.31
0.03
0.09
-0.66
0.01
0.43
0.02
0.03
0.05
-0.19
0.27
-0.04
-0.09
0.08
0.26
-0.12
-1.21
-2.56
0.39
0.39
0.17
0.31
-0.07
0.29
-0.07
0.34
0.12
-0.62
-0.09
-0.06
0.15
-0.48
-0.08
-0.07
-0.58
0.03
0.22
0.08
0.61
-0.38
1.26
0.48
-0.09
0.05
0.09
0.88
2.00
-0.24
-0.48
0.07
-0.06
0.06
-0.01
0.64
-0.04
-0.71
0.04
-0.05
-0.41
-0.06
-0.02
-0.19
-0.00
-0.11
-0.07
-2.91
0.05
0.00
-0.07
0.05
-0.07
0.35
-0.14
0.76
0.25
0.18
0.15
0.12
0.02
-0.01
0.01
-0.30
-0.08
-0.46
-1.13
-4.84
2.23
-0.02
0.80
0.25
0.76
-0.13
-0.00
-0.37
0.68
0.58
-0.12
2.24
-0.07
-0.10
-0.35
0.03
-0.87
-0.21
0.04
-1.01
-2.90
-5.17
-4.99
-4.88
-0.99
-0.17
-0.47
-0.75
0.06
2.23
0.00
-0.03
0.81
-0.07
-0.07
0.21
-0.07
-0.14
0.04
0.40
-0.64
0.01
0.02
0.09
0.05
-0.09
-0.04
-0.70
-1.50
-1.72
2.26
0.56
-0.08
0.03
0.09
-0.12
0.29
0.72
0.68
-0.24
0.07
0.21
-0.07
-0.03
0.09
0.10
-0.08
-0.07
-0.07
2.20
0.38
1.93
2.30
2.21
0.53
-0.02
0.11
0.56
0.50
-0.12
0.03
0.03
0.21
-0.07
-0.09
1.00
0.52
0.09
0.31
0.25
-1.18
-0.48
-0.07
-0.04
-0.06
-0.10
-0.64
-0.96
-1.50
-1.87
-1.19
2.86
-0.18
-0.02
0.08
0.06
-0.21
0.74
0.20
0.22
0.27
0.05
0.02
0.03
0.16
-0.02
0.06
0.63
0.34
0.07
0.42
0.10
0.25
0.56
0.36
0.39
-0.02
0.21
-0.07
0.63
0.12
0.05
-0.06
0.13
-0.07
0.34
0.00
0.04
0.12
-0.13
0.07
0.00
0.21
-0.07
0.03
0.05
-0.86
-1.24
-1.48
-1.94
-1.91
-4.87
0.24
0.19
-0.00
0.22
0.88
0.69
0.84
0.02
0.34
0.71
0.34
-0.03
0.03
0.14
0.01
0.00
0.04
-0.07
0.88
0.45
0.07
-0.08
0.04
0.33
-0.08
0.11
0.66
0.92
-0.03
-0.21
0.25
0.51
0.33
-0.06
-0.00
0.03
1.17
0.02
-1.23
-1.10
-1.33
-0.63
-0.74
-0.91
-1.33
-1.43
-2.28
-1.88
-1.95
-2.34
-4.77
2.27
-0.08
-0.01
0.16
0.24
0.17
0.85
0.27
-0.07
0.91
0.03
0.03
0.40
0.36
0.02
0.15
0.24
0.32
0.87
0.04
0.05
1.01
0.46
0.43
0.05
-0.67
0.82
-0.12
0.72
1.06
-0.07
0.38
0.69
-0.27
0.29
0.70
2.18
-1.73
-1.00
-1.31
-1.91
-1.14
-1.71
-2.04
-1.75
-1.48
-1.35
-2.35
-3.51
-4.62
-5.41
0.21
1.10
-4.90
1.84
-0.04
0.04
0.58
0.41
0.97
0.03
0.87
0.23
0.67
-0.10
0.06
-0.07
0.98
0.04
0.58
0.99
0.39
0.07
0.59
0.67
0.77
0.90
0.34
0.67
0.89
0.02
1.06
0.73
0.83
0.45
2.43
0.40
-2.32
-2.85
-2.19
-3.63
-4.07
-2.61
-2.38
-2.12
-1.85
-1.76
-2.74
-1.81
-4.12
-5.05
-4.96
-4.72
-0.09
0.36
0.24
0.75
0.83
-0.10
0.71
0.93
0.72
0.33
0.64
0.15
1.18
1.18
0.73
0.16
0.65
-0.07
-0.03
1.27
-0.01
0.99
0.74
-0.08
0.76
0.88
0.85
-0.07
1.01
1.14
1.13
-0.12
0.24
0.07
-4.99
-4.63
-4.62
-4.36
-5.02
-4.37
-4.00
-2.72
-1.79
-1.54
-2.62
-2.02
-3.18
-3.78
-5.14
0.10
0.31
0.91
0.02
-0.03
0.60
0.36
0.94
0.81
0.99
0.84
0.36
0.33
0.78
0.58
0.60
1.09
0.89
0.86
0.59
2.17
0.95
1.00
0.95
0.76
1.05
0.81
0.44
0.44
2.25
1.02
-4.93
0.33
-0.19
-0.12
-4.71
-4.35
-4.74
-4.27
-4.91
-4.56
-4.32
-3.35
-2.18
-1.36
-2.00
-2.71
-2.21
-2.34
-2.08
0.32
0.49
2.10
0.11
0.73
0.82
0.71
0.70
1.10
0.76
0.05
0.71
1.25
0.04
1.06
0.99
1.09
0.87
0.34
1.21
1.03
0.25
1.13
0.93
0.87
1.00
1.25
1.06
0.95
0.55
-4.90
-0.52
-0.07
0.03
-0.07
-4.83
-4.84
-5.02
-5.13
-5.17
-5.35
-4.94
-4.47
-2.33
-1.62
-1.97
-1.29
-1.71
-1.73
-0.11
0.71
0.94
0.88
1.17
1.46
0.97
-0.10
1.26
0.61
0.62
0.87
1.13
0.88
0.17
0.97
1.11
1.02
1.20
1.05
2.07
0.86
0.79
1.38
0.94
1.04
0.37
0.54
0.82
1.08
1.04
1.17
-0.65
-0.20
0.65
-0.05
-5.07
-4.41
-4.56
-4.71
-5.13
-4.70
-4.50
-4.56
-2.49
-1.51
-1.58
-1.28
-1.46
-4.88
0.90
1.02
1.40
0.99
1.01
-4.64
0.18
-3.52
0.52
0.93
0.71
0.95
0.77
1.35
1.40
0.97
1.13
1.07
1.30
0.84
0.39
-0.00
0.08
-4.56
-5.30
1.06
1.58
0.97
2.38
0.96
1.21
1.05
-4.94
-0.14
-0.07
0.17
-5.31
-4.79
-5.92
-4.78
-4.42
-5.07
-4.45
-4.48
-3.42
-2.91
-1.25
-1.53
-1.19
2.45
1.42
0.97
0.54
0.30
1.63
-0.36
2.25
-4.52
-4.38
2.27
0.77
1.12
1.04
0.59
1.05
1.81
1.13
1.70
0.88
1.13
0.94
-5.12
2.22
2.14
-4.40
1.22
1.22
0.46
1.85
1.32
0.85
1.43
0.46
-0.12
-0.70
-1.27
-4.82
-5.18
-5.21
-5.09
-4.94
-4.59
-5.08
-4.75
-3.37
-1.74
-1.41
-1.02
-1.22
0.67
0.03
0.91
1.22
0.61
1.05
-3.27
-4.94
-4.88
-4.89
2.25
1.20
1.73
1.11
1.20
0.82
1.41
-0.07
2.32
1.31
1.84
1.90
-5.04
-4.08
-4.30
-4.69
2.19
1.20
1.47
1.14
1.64
1.10
0.95
2.68
-1.60
-1.32
-1.01
-4.77
-4.31
-5.09
-4.85
-4.90
-4.76
-4.96
-5.01
-4.36
-2.02
-1.58
-1.07
-4.61
1.81
1.18
1.57
0.99
0.97
1.15
-4.63
-4.55
-2.46
-0.12
0.80
2.00
1.88
1.20
1.12
1.43
0.88
0.85
1.48
1.56
2.09
0.99
2.25
-3.69
-4.42
-5.87
2.30
0.74
2.29
0.74
1.32
0.88
0.60
1.22
-5.30
-1.23
-1.23
-4.70
-4.82
-4.74
-5.11
-5.07
-4.50
-4.42
-5.23
-3.69
-1.53
-1.28
-0.54
2.35
1.10
1.51
0.42
1.27
1.32
1.10
1.44
-0.12
-0.09
2.26
1.32
1.32
0.93
1.16
1.37
1.16
1.54
1.31
0.97
1.58
1.29
1.95
0.42
1.80
0.10
1.32
0.85
1.32
1.22
1.51
1.26
1.48
1.77
0.94
2.43
-1.46
-1.61
-4.88
-4.91
-5.12
-5.08
-4.89
-5.03
-4.47
-5.30
-4.22
-2.00
-1.48
-0.16
0.56
0.72
1.68
1.39
1.43
1.69
2.02
1.87
1.43
1.61
1.18
1.54
1.31
1.20
-5.07
-5.16
-5.63
-0.01
1.85
1.37
1.76
2.19
2.01
1.49
1.60
1.24
1.95
1.92
1.77
2.01
1.59
2.05
0.96
1.85
2.23
1.79
-1.29
-1.61
-4.40
-5.52
-5.09
-4.83
-5.04
-4.86
-5.43
-4.38
-2.96
-1.67
-2.24
-1.30
0.49
1.92
-0.42
-0.01
0.39
1.93
1.94
1.93
2.11
1.27
2.46
1.63
2.08
1.74
2.14
2.17
2.13
2.15
1.44
2.09
2.09
2.19
1.41
1.44
1.80
2.07
2.13
1.91
1.62
0.03
-0.07
1.38
1.54
2.12
2.17
2.13
-4.73
-1.29
-4.69
-4.52
-4.65
-4.99
-4.76
-5.27
-4.77
-2.31
-1.33
-0.11
-1.18
-5.23
2.36
-0.13
-0.01
0.07
0.66
0.05
1.70
2.66
1.42
2.14
2.12
2.09
2.15
2.17
1.62
2.16
1.41
1.49
2.04
2.18
2.15
2.05
2.01
1.95
2.15
2.12
2.14
-0.31
0.71
0.05
-0.10
-0.20
-0.07
2.15
2.17
1.77
-2.03
-1.36
-4.12
-4.77
-3.40
-2.90
-2.84
-2.08
-1.97
-0.79
-1.39
-0.86
-0.39
-4.66
-0.08
-0.01
-0.06
0.09
-0.07
0.24
2.10
2.17
2.08
2.15
2.10
2.01
2.18
1.47
1.85
2.23
2.06
1.87
2.01
2.08
2.15
2.11
0.46
2.37
2.19
2.01
2.14
-0.12
0.59
-0.29
0.04
0.05
-0.08
0.05
2.05
2.17
2.19
-1.20
-1.63
-1.68
-1.42
-1.46
-1.26
-1.36
-1.18
-1.10
-1.19
-0.70
-0.07
0.45
-0.13
0.11
0.02
0.06
0.38
0.80
2.06
2.15
2.24
2.10
1.89
2.14
2.01
1.33
2.58
-4.58
-2.31
-5.00
-4.68
0.05
1.97
2.11
1.25
2.20
2.12
2.12
2.15
0.01
0.03
-0.01
0.10
0.26
0.21
2.25
1.36
2.09
1.78
-1.15
-1.16
-0.23
-0.81
-0.06
-0.55
-0.56
-0.09
-0.12
-0.03
0.01
-0.08
-0.09
0.08
-0.18
0.46
-0.08
-0.36
-0.02
2.05
2.10
2.20
2.08
2.17
1.78
2.16
2.52
-0.43
-0.07
0.03
0.51
-0.71
-0.11
1.95
2.22
2.06
2.08
2.19
2.17
2.13
0.03
0.00
-0.12
0.48
-0.00
0.05
2.12
2.21
2.18
2.24
-4.78
0.08
0.17
-0.26
-0.13
-0.03
-0.07
-0.16
-0.07
-0.07
-0.07
0.03
-4.97
0.17
1.57
-0.07
0.71
2.14
2.15
2.07
2.11
2.30
2.13
1.67
2.25
2.20
-4.85
-0.01
0.02
0.13
0.06
-0.29
-0.36
2.20
2.01
2.24
2.25
2.07
2.15
2.16
2.18
0.81
-0.07
0.07
0.06
2.22
2.16
2.27
2.02
1.94
-0.08
-0.07
-0.07
-0.07
0.57
0.02
-0.51
0.42
-0.09
-0.20
-0.07
-0.09
0.04
0.04
1.94
2.20
2.12
2.31
1.98
2.23
1.68
2.21
2.10
1.98
2.27
2.08
2.52
-1.63
0.05
-0.07
0.68
-0.01
0.65
2.60
2.13
2.39
2.13
2.08
2.20
2.15
2.22
1.58
1.97
2.12
2.11
2.03
2.15
2.16
2.00
2.09
2.15
0.02
-0.13
-0.02
0.03
0.01
0.07
0.01
0.12
-0.07
0.07
-0.23
-0.10
0.09
2.24
2.17
2.01
2.40
2.04
2.14
2.11
2.27
1.92
2.08
2.10
2.20
2.15
-3.17
0.01
0.79
0.13
-0.09
-0.09
2.19
2.16
2.06
1.50
2.08
0.87
2.11
2.11
2.11
2.15
2.12
2.09
2.09
2.20
2.15
2.27
2.08
2.24
0.46
0.16
-0.01
0.01
-0.31
-0.04
0.21
-0.16
0.05
0.49
-0.01
-0.25
-4.93
2.36
2.21
2.17
2.12
2.17
2.09
2.06
2.12
2.14
2.15
2.00
2.24
2.13
1.68
2.56
-3.36
-4.84
-2.87
-0.07
2.17
2.17
2.18
2.19
2.54
2.04
1.66
2.15
1.79
1.93
2.29
2.16
2.19
2.14
2.12
2.13
2.45
2.24
-0.04
-0.08
-0.12
0.05
-0.02
-0.27
-0.10
0.06
0.02
0.48
-0.07
0.02
-0.07
2.73
2.05
2.40
2.15
2.14
2.34
2.18
2.19
1.93
0.44
2.21
2.20
2.17
2.05
1.90
2.21
2.15
2.03
2.10
2.19
2.97
2.25
2.13
2.09
2.20
1.96
2.02
2.16
2.63
2.25
2.01
1.99
2.22
2.37
1.90
2.18
2.21
-0.05
-0.09
-0.12
-0.07
0.04
0.29
0.06
0.09
-0.07
0.04
-0.07
-0.07
0.06
-4.53
2.11
2.04
2.13
2.17
2.20
2.13
2.00
2.06
2.30
2.15
2.09
2.10
2.12
2.32
2.09
1.89
2.12
2.14
2.17
2.22
1.86
2.17
2.04
2.14
2.23
2.13
2.16
2.13
2.31
2.22
2.13
1.97
2.20
2.18
2.11
2.18
0.08
-0.41
-0.32
-0.07
0.04
-0.06
-0.10
0.02
-0.13
0.05
0.13
-0.06
-0.01
0.06
0.11
2.15
2.64
2.27
2.18
2.32
2.26
2.13
2.31
2.16
2.23
2.20
2.27
2.10
2.25
2.21
2.11
2.32
2.13
2.05
2.15
2.34
2.20
2.23
2.08
2.18
2.20
1.78
2.29
2.19
2.20
2.18
2.23
2.26
2.28
2.31
-0.08
0.11
0.02
-0.20
-0.07
0.06
-0.10
0.11
0.08
-0.10
0.01
0.44
-0.11
-0.40
-3.84
2.68
2.71
2.11
2.09
2.10
2.13
2.23
2.16
2.20
2.99
2.11
2.36
2.05
2.20
2.11
3.12
2.03
2.22
2.52
2.17
2.19
2.25
2.15
2.20
2.21
2.32
2.18
1.74
2.08
2.11
2.02
2.23
2.30
2.18
2.21
-0.78
-1.29
-0.33
0.01
0.06
-0.47
-0.07
0.07
-0.07
-0.27
-0.07
-0.94
-1.16
-1.01
-0.01
2.22
2.16
2.11
2.09
1.09
2.36
2.41
2.06
2.37
2.29
2.02
2.07
2.24
2.27
2.23
1.40
2.24
2.23
2.25
2.62
2.30
2.10
2.26
2.71
2.25
2.21
2.99
2.21
2.23
2.13
1.98
2.16
1.99
1.96
2.18
-0.42
-0.48
-0.96
-0.39
-0.49
-1.03
-0.99
-1.32
-0.57
-0.52
-1.03
-1.59
-0.71
-0.56
-0.09
2.32
2.22
2.30
2.17
2.58
2.17
2.09
2.31
2.21
2.27
2.06
2.33
2.15
2.23
2.25
2.14
2.18
2.15
2.47
2.36
2.17
2.69
2.29
2.30
2.24
2.19
2.02
2.20
2.20
2.01
2.79
2.60
2.29
2.20
2.43
