2.52
2.46
2.22
2.12
2.01
2.19
2.31
2.71
2.11
2.11
2.06
2.11
2.04
2.27
1.92
2.30
2.33
2.16
2.43
1.89
2.45
2.36
2.07
3.77
2.15
2.31
2.22
1.95
2.02
2.17
2.33
1.99
2.03
2.12
2.08
2.43
2.15
2.92
2.44
2.09
2.09
2.15
1.66
2.29
2.64
2.42
2.29
2.14
2.27
2.36
2.30
-7.28
-5.45
-5.29
2.09
-6.09
2.28
1.83
-5.33
2.09
-6.73
-5.09
-5.05
1.56
2.67
-4.83
-5.40
-5.43
-5.65
3.57
2.31
-5.43
-5.66
-5.33
2.63
1.93
-5.49
1.97
-5.48
-5.34
-5.52
-5.47
1.98
-4.69
-4.72
-5.50
-5.44
2.58
-5.48
-5.56
3.05
2.27
2.01
2.43
2.13
2.50
2.60
2.21
2.81
2.22
2.13
-5.33
2.62
2.53
2.43
-5.34
2.39
2.85
-5.28
2.78
-5.23
2.41
2.41
-5.26
2.93
-5.54
2.49
2.43
2.27
-5.32
2.51
-5.30
2.54
2.53
-5.30
2.29
-5.32
2.59
-5.39
2.37
3.03
2.52
2.34
-5.59
3.05
2.40
2.57
2.91
-4.98
-4.82
2.18
2.96
2.60
2.67
2.70
2.63
2.69
2.54
2.52
2.78
2.26
-5.61
2.46
2.48
2.33
-5.10
2.78
2.88
-5.18
2.69
-5.10
3.68
2.55
-5.19
2.37
-5.44
3.21
2.94
1.28
-5.36
2.67
-5.49
2.30
2.59
-5.39
2.84
-5.35
2.64
-5.04
2.66
2.91
2.62
2.77
-5.55
2.83
2.93
3.21
2.73
-5.34
-5.77
2.83
2.40
2.47
2.83
3.06
2.90
2.80
2.50
2.86
3.52
1.44
-5.52
-5.28
-5.21
3.37
-5.38
2.99
2.45
-5.39
3.22
-4.36
-5.48
-5.34
2.52
2.83
-4.65
-5.30
-5.21
-5.21
3.11
3.07
-5.28
-5.30
-5.19
2.61
2.76
-5.26
3.23
-5.53
-5.27
-5.46
-5.62
3.84
-5.80
-5.63
-5.71
2.58
3.57
-5.41
-5.27
3.45
3.24
3.61
3.27
2.69
3.16
3.07
3.69
2.72
2.81
2.86
3.03
3.33
-5.08
3.30
-5.09
3.53
3.72
-5.02
3.21
-4.72
-4.44
3.49
3.02
3.13
-5.43
3.38
2.31
3.74
3.32
3.16
-4.99
-5.23
3.09
3.26
3.14
-5.38
2.63
3.16
2.87
3.40
-4.84
3.69
-5.14
3.60
3.01
3.11
3.03
-4.61
-4.59
3.26
3.21
1.24
2.99
3.74
3.25
4.19
3.00
3.34
4.00
3.30
3.79
2.51
-5.22
3.46
-4.64
3.65
3.04
-5.26
3.57
-5.24
3.92
-5.52
3.47
3.52
-5.12
3.71
3.47
3.76
3.68
3.37
-4.96
2.97
-4.92
3.84
3.59
-5.49
3.41
4.68
3.09
3.77
-4.87
4.08
-5.13
3.40
4.48
3.77
3.61
4.02
3.73
3.57
3.55
2.86
2.32
3.29
3.74
3.65
3.76
4.13
3.97
4.00
-5.14
-4.80
-5.38
3.48
-4.92
-5.34
-4.71
-4.76
3.77
-5.16
3.99
3.69
-4.94
3.91
-5.12
3.79
3.51
4.12
3.72
3.97
-4.84
4.42
4.02
-4.78
3.08
-4.87
4.06
-5.10
-4.92
-5.46
-4.88
3.61
-5.07
-5.31
-5.10
-5.10
4.02
-5.40
-5.32
3.69
3.59
4.64
4.44
3.74
3.74
4.94
3.48
4.41
3.77
4.21
3.92
4.34
4.02
4.28
3.90
3.84
2.12
4.41
3.29
3.71
3.99
3.35
4.90
4.22
4.53
3.50
2.46
3.89
4.49
3.98
5.11
4.22
4.76
4.16
4.21
4.22
5.51
4.45
3.94
4.63
3.49
4.79
3.88
4.19
1.88
5.77
4.32
6.15
5.43
5.26
4.79
5.00
5.68
5.26
4.93
5.69
3.33
1.90
6.55
-1.13
-0.66
-0.15
-0.14
-4.54
-4.71
-0.43
-0.46
-0.08
-0.09
0.17
0.05
-0.44
0.04
-0.27
-0.30
-0.60
-0.79
-0.13
-0.30
-0.26
-0.77
-0.27
-0.03
-0.23
-0.39
-0.97
0.23
-0.47
0.18
-0.86
-0.64
0.17
-1.25
-0.43
0.06
-0.66
-0.07
-0.15
0.46
0.06
0.23
0.03
-0.17
0.21
0.09
-0.01
-0.10
-0.02
0.05
-1.13
-0.75
-0.29
-0.29
-4.74
-4.71
-4.84
-5.12
-1.35
0.06
0.14
0.10
-0.04
-0.26
-0.74
-0.51
-0.59
-0.60
-0.11
-0.35
0.06
-0.30
0.19
0.20
-0.19
-0.49
-0.09
-0.81
-0.69
-0.85
-0.19
-0.05
-1.08
-0.32
-0.55
0.16
-0.47
-0.89
0.06
0.17
-0.10
0.22
0.27
0.03
0.03
0.26
-0.14
0.15
-0.09
0.07
-0.59
-0.13
-0.52
0.16
-4.79
-4.02
-4.78
0.11
-0.13
0.73
-4.79
-0.10
0.17
0.06
-0.24
-1.01
0.22
-0.70
-0.14
-0.24
-0.40
0.02
0.25
-0.82
-0.48
-0.18
0.04
-0.14
-0.24
-0.08
0.05
-0.34
-0.32
0.03
-0.38
-0.25
-0.00
0.03
0.05
-0.45
0.06
0.10
0.10
-0.09
0.03
0.18
0.27
0.06
0.03
0.24
-0.61
-0.38
0.08
-0.69
-3.94
-5.42
-4.84
0.08
-0.02
0.11
0.13
1.84
-0.09
-0.16
-0.37
-0.78
-0.09
0.07
-0.14
-0.37
-1.00
-0.60
0.02
0.04
0.08
-0.20
-0.94
0.05
-0.41
-0.45
-0.75
-0.31
-0.35
-0.10
0.23
-0.42
-0.17
-0.07
-0.28
0.05
0.17
0.03
0.13
0.15
0.10
0.04
0.17
-0.10
0.08
0.16
-0.27
-0.27
-0.17
0.09
0.31
0.06
-5.00
2.17
0.01
0.64
0.32
-0.01
0.08
2.07
-0.41
-0.72
0.23
-0.03
-0.02
-0.59
-0.03
-0.00
0.02
0.10
-1.24
0.24
-0.13
0.17
-1.29
-0.41
-0.25
-0.71
0.09
-0.28
0.16
0.04
0.04
-0.03
-0.10
-1.06
-1.21
-1.56
-1.86
-1.39
-0.00
-1.17
-0.92
-2.04
-1.24
-0.85
0.27
-0.33
-0.09
-0.04
-0.15
-0.07
-5.38
-2.86
0.00
-0.12
-0.03
-0.00
0.08
0.20
-0.10
-4.97
0.14
-0.35
-0.23
-0.26
-0.27
0.05
0.27
-0.01
0.11
0.09
-0.17
-0.24
-0.08
0.12
-0.12
0.11
0.07
-0.03
-0.21
-0.30
-0.21
-0.15
-0.09
0.03
-1.85
-2.42
-2.33
-2.56
-2.40
-1.98
-2.54
-1.35
-4.94
0.10
0.00
0.08
-1.01
-0.04
0.04
0.06
0.12
-5.20
0.07
0.28
0.36
0.25
0.07
-0.44
-0.07
-0.07
-0.08
-0.01
0.23
-0.36
0.16
-0.12
0.08
0.10
0.08
0.15
-0.72
-0.56
-0.33
-0.24
0.19
-0.34
-0.12
0.04
-0.49
-0.09
0.89
-0.05
0.08
0.14
-1.09
-2.44
-1.77
-2.22
-1.86
-2.52
-5.40
2.59
2.31
0.33
-0.23
0.08
0.15
0.04
0.12
0.15
-0.12
-1.52
0.04
0.17
0.19
0.47
-0.08
-0.02
0.61
0.13
0.07
0.11
-4.88
-0.17
0.14
0.28
-0.20
-0.28
0.01
-0.26
0.13
0.03
0.09
-0.29
-0.06
0.25
0.07
0.23
0.01
0.20
0.44
0.08
0.19
-0.34
-1.29
-2.16
-2.12
-1.98
-5.14
-0.04
1.81
0.21
0.11
0.42
-0.27
-0.01
-0.14
0.26
0.05
0.13
-0.06
0.12
-6.06
0.40
0.17
0.44
-0.04
0.20
0.16
0.17
0.17
-0.01
0.22
-4.93
0.07
-0.25
0.05
0.08
-0.27
0.13
-0.04
-0.36
0.10
0.01
0.19
0.12
0.18
-0.13
0.18
0.06
-0.07
-0.04
0.17
0.07
-1.10
-2.40
0.31
0.33
0.33
0.36
-0.10
0.28
-0.05
0.13
0.06
-0.37
0.06
0.06
0.29
-0.41
0.02
0.03
-0.43
0.17
0.21
0.41
0.36
-0.32
1.03
0.40
0.01
0.29
-0.02
0.10
1.74
-0.19
-0.40
-0.09
0.05
0.16
-0.06
0.04
0.07
-0.54
0.21
-0.35
-0.29
-0.10
0.09
-0.14
0.14
-0.24
-0.02
-2.66
-0.05
0.28
-0.04
0.00
0.01
0.37
-0.11
0.62
0.26
0.27
0.08
0.04
0.27
-0.08
0.16
-0.15
0.07
-0.39
-0.95
-4.72
2.02
0.09
0.52
0.14
0.16
-0.06
0.08
-0.19
0.51
0.05
0.05
1.97
-0.11
0.00
-0.22
0.18
-0.65
-0.15
0.22
-1.21
-3.41
-4.73
-5.07
-5.31
-1.15
-0.21
-0.59
-1.40
-0.05
1.88
0.10
0.06
0.09
0.01
-0.03
0.20
-0.03
-0.09
0.18
0.34
-0.11
0.23
-0.09
0.00
0.13
-0.08
0.11
-0.71
-1.52
-1.33
2.11
0.54
-0.10
0.20
0.03
0.07
0.18
0.65
0.38
-0.26
0.04
0.44
-0.04
0.09
0.33
0.11
0.01
-0.06
-0.10
1.90
0.49
2.05
2.26
2.47
0.49
0.07
0.12
0.33
0.05
-0.15
0.15
0.15
0.26
0.03
-0.00
0.64
0.56
-0.02
0.24
0.33
-0.76
-0.19
0.01
0.05
-0.15
0.07
-0.64
-0.81
-1.35
-1.67
-1.19
2.59
-0.10
0.15
0.04
0.10
-0.55
0.30
0.11
0.30
0.45
0.17
0.13
0.11
0.22
0.26
0.23
0.50
0.26
-0.05
0.28
0.03
0.31
0.22
0.43
0.20
0.08
0.37
-0.06
0.37
0.13
0.01
0.04
0.23
0.05
0.29
0.23
-0.08
0.10
0.06
0.04
0.08
0.13
0.04
0.16
0.16
-0.64
-1.09
-1.36
-2.06
-2.21
-5.01
0.19
0.29
0.17
0.31
1.10
0.61
0.92
0.18
0.23
0.61
0.42
0.07
0.26
0.42
0.08
0.06
0.18
0.05
1.26
0.50
-0.00
0.08
0.17
0.21
-0.11
0.03
0.55
0.30
0.06
-0.09
0.34
0.53
0.32
0.05
0.08
0.15
1.06
0.15
-0.95
-0.97
-1.39
-0.70
-0.37
-1.28
-1.61
-1.15
-2.02
-1.57
-1.86
-2.36
-5.64
1.71
0.06
0.24
0.09
0.24
0.10
0.65
0.23
-0.07
0.85
0.17
0.34
0.51
0.45
0.08
0.21
0.35
0.53
0.94
-0.05
0.19
0.60
0.75
0.65
0.18
-0.65
0.45
-0.08
0.13
0.87
0.03
0.43
0.96
-0.99
0.21
0.87
2.59
-1.81
-0.75
-1.07
-2.02
-1.63
-1.52
-1.99
-1.86
-1.51
-1.70
-2.70
-2.61
-4.83
-5.35
0.26
0.59
-4.67
1.94
0.12
0.12
0.77
0.46
0.44
0.13
1.15
0.35
0.81
-0.09
0.24
-0.04
0.64
0.18
0.63
0.50
0.25
0.11
0.72
0.36
1.06
1.09
0.44
0.29
0.87
0.17
1.27
0.31
0.52
0.26
2.17
0.02
-2.83
-2.40
-2.62
-3.53
-2.84
-2.50
-2.39
-2.33
-2.56
-1.81
-2.31
-2.82
-3.53
-5.31
-4.83
-4.37
-0.06
0.32
0.23
0.73
0.64
-0.04
0.80
0.93
0.67
0.25
0.39
0.09
1.29
0.81
0.72
-0.02
0.57
-0.07
0.06
1.44
-0.23
1.35
1.17
-0.10
0.65
1.18
0.17
-0.06
0.52
1.10
0.63
-0.02
0.27
-0.03
-4.75
-4.77
-5.52
-4.93
-4.78
-4.54
-3.41
-2.83
-2.22
-1.55
-2.20
-1.97
-3.11
-3.20
-5.17
0.07
0.28
0.67
0.21
0.12
0.26
0.26
0.83
0.88
0.82
0.70
0.40
0.36
0.70
0.38
0.43
0.46
1.03
0.81
0.56
2.26
0.97
0.93
0.56
0.83
0.71
0.62
0.49
0.52
2.15
0.76
-4.72
0.04
-0.27
0.07
-4.56
-4.86
-5.25
-5.02
-5.20
-4.67
-4.02
-3.05
-2.37
-1.77
-2.18
-2.35
-2.58
-3.45
-2.29
0.21
1.06
1.82
0.02
0.72
0.52
-0.05
0.89
0.70
0.62
0.15
0.38
0.87
0.49
1.09
1.15
1.25
0.78
-0.62
1.34
0.97
0.20
1.31
0.74
0.29
0.89
0.82
1.02
0.65
0.61
-5.32
-0.64
-0.03
0.17
0.05
-4.48
-4.50
-5.39
-4.84
-5.27
-5.10
-5.15
-5.19
-2.80
-1.87
-1.78
-1.64
-1.55
-1.37
-0.04
0.42
1.01
0.79
0.60
1.36
0.79
-0.08
0.71
0.75
0.65
1.06
1.34
1.07
0.10
0.41
0.66
0.63
0.69
0.80
1.71
0.68
0.56
1.21
0.66
0.87
0.51
0.76
0.39
1.14
1.02
0.75
-0.42
-0.13
-0.04
0.15
-5.32
-5.40
-5.05
-4.79
-4.62
-5.03
-4.28
-4.73
-2.35
-1.96
-1.47
-0.96
-1.38
-4.90
1.04
1.04
1.00
1.11
0.81
-4.66
0.11
-3.73
0.63
1.08
0.69
0.61
0.81
1.39
0.83
0.69
1.15
0.15
1.42
0.72
0.27
0.24
0.08
-5.28
-4.91
0.91
1.28
0.89
1.34
1.02
0.85
0.78
-4.94
-0.01
-0.08
0.01
-5.35
-4.54
-5.45
-4.84
-5.27
-4.75
-4.45
-4.78
-3.53
-2.27
-0.96
-1.54
-1.12
2.33
0.81
1.13
0.61
0.20
1.81
-0.27
2.22
-4.81
-4.55
2.02
0.50
1.05
0.76
0.53
1.12
2.08
1.07
1.78
0.46
1.09
0.62
-5.47
2.21
2.34
-3.79
1.37
1.33
0.34
2.27
0.82
1.05
0.94
0.36
0.07
-0.57
-0.89
-5.55
-4.86
-4.63
-4.42
-5.52
-5.30
-5.31
-5.04
-3.73
-1.55
-1.31
-0.82
-1.12
0.64
0.53
0.94
1.29
0.38
1.44
-2.84
-4.67
-5.20
-4.73
2.04
1.10
2.02
1.26
1.15
0.43
1.14
0.06
2.34
1.37
1.27
1.99
-5.10
-3.83
-3.75
-4.87
2.03
1.38
0.96
1.06
1.81
1.20
0.58
2.71
-1.57
-1.21
-0.88
-4.42
-5.30
-4.72
-4.74
-4.96
-4.74
-4.63
-4.02
-5.30
-1.74
-1.43
-1.09
-5.20
1.96
0.62
1.95
0.69
1.04
0.68
-4.56
-4.52
-2.84
0.11
0.64
1.95
2.04
1.14
1.33
1.74
0.90
1.15
1.47
1.90
1.86
0.74
2.16
-4.47
-3.98
-5.21
2.05
1.20
2.16
1.04
1.42
0.76
0.35
1.63
-5.35
-1.34
-1.17
-4.55
-4.48
-5.26
-5.11
-4.88
-4.93
-5.28
-4.01
-4.21
-1.57
-1.22
-0.56
2.14
0.93
1.01
0.30
1.44
1.49
1.02
1.40
-0.11
-0.06
2.00
1.17
1.08
0.61
1.38
1.76
1.04
1.16
1.32
1.55
1.61
1.17
2.12
0.31
2.01
0.13
1.44
0.41
1.68
1.26
1.54
1.34
1.57
2.00
1.57
2.21
-1.36
-1.14
-4.96
-4.79
-4.83
-5.05
-4.47
-4.88
-4.15
-4.50
-3.05
-1.92
-0.83
-0.55
0.38
0.45
1.63
1.18
0.72
1.39
2.14
2.02
1.43
1.65
1.62
1.33
1.18
0.76
-4.83
-4.94
-4.87
0.08
1.89
1.60
1.54
1.68
1.72
1.47
1.49
1.28
2.05
2.10
0.76
1.79
1.59
1.78
1.59
2.20
2.28
2.00
-1.09
-1.51
-5.48
-5.35
-5.48
-4.96
-5.08
-4.97
-5.08
-4.75
-3.59
-1.87
-1.72
-1.34
0.14
1.88
-0.18
0.07
0.29
2.03
1.74
1.65
1.69
1.00
2.37
1.70
1.74
1.60
1.80
1.83
2.03
1.79
0.76
2.19
1.88
1.82
1.48
1.66
2.10
1.76
1.95
2.04
1.45
0.21
-0.08
0.97
1.29
1.84
1.94
1.90
-5.24
-1.08
-4.47
-4.55
-4.84
-4.71
-4.70
-4.81
-4.71
-2.40
-1.28
0.06
-1.22
-5.13
2.16
0.08
0.08
-0.05
0.18
0.18
1.50
1.78
1.30
1.82
1.85
1.94
1.88
1.79
1.67
1.91
1.69
1.87
1.75
1.75
1.81
1.80
1.80
1.90
1.85
1.92
1.94
-0.24
-0.32
0.12
-0.04
-0.63
-0.07
2.00
1.82
2.19
-2.13
-1.00
-3.24
-3.40
-3.12
-3.15
-2.62
-2.35
-2.10
-0.78
-1.28
-1.05
-0.39
-5.06
-0.07
-0.07
0.05
0.12
-0.04
0.26
1.67
1.77
2.20
1.79
1.78
2.10
1.86
1.98
1.85
1.81
1.88
1.90
1.81
2.11
2.20
1.84
1.15
2.08
1.97
1.91
1.91
-0.12
0.03
-0.13
0.18
0.29
0.05
0.13
1.86
1.91
1.94
-1.13
-1.54
-1.54
-1.64
-1.15
-1.36
-1.28
-1.36
-0.97
-0.90
-0.33
-0.09
0.31
0.02
0.21
0.16
0.18
0.27
0.14
1.88
1.94
2.00
1.89
2.04
1.90
1.87
1.44
2.25
-4.66
-3.06
-4.77
-4.78
0.21
1.60
1.71
1.67
1.79
1.94
1.83
1.88
0.13
0.18
0.15
-0.01
0.20
0.25
2.14
1.03
1.84
2.15
-1.01
-1.15
-0.19
-0.63
-0.00
-1.05
-0.51
-0.09
0.05
0.09
0.17
0.06
0.08
0.09
-0.09
0.13
0.03
-0.19
0.08
1.88
1.84
1.92
1.88
1.69
1.70
1.66
2.17
-0.33
-0.10
0.21
0.42
-0.44
0.04
1.93
1.95
1.89
2.21
1.84
1.87
1.88
0.21
0.09
-0.10
-0.03
0.18
0.08
1.82
1.80
1.91
1.93
-4.69
0.01
0.18
-0.24
0.07
0.72
0.02
-0.18
0.06
-0.09
-0.04
0.25
-4.86
0.08
1.40
0.08
0.11
1.86
1.69
1.80
1.68
2.03
1.91
1.92
2.02
2.01
-4.65
0.11
0.08
0.34
0.24
-0.33
-0.18
1.82
1.95
2.50
1.98
1.80
1.88
1.85
1.81
0.03
-0.04
-0.04
0.17
1.96
1.87
2.04
1.88
1.98
0.05
-0.11
-0.07
0.06
0.29
0.14
-0.28
0.32
0.23
-0.18
-0.04
0.03
-0.15
0.07
1.85
1.63
2.00
2.06
1.85
2.00
1.19
2.04
1.90
1.59
1.98
1.89
2.50
-0.49
-0.01
-0.06
0.49
0.68
-0.41
2.16
1.72
2.25
1.82
1.77
1.81
1.87
1.89
1.35
1.74
1.72
1.76
1.87
1.93
1.90
1.79
1.84
1.82
-0.08
-0.03
0.09
0.11
0.08
0.14
0.32
0.13
-0.01
0.18
-0.14
-0.09
-0.04
2.02
1.90
1.39
2.07
1.59
1.83
1.82
1.91
1.95
1.88
1.89
2.01
1.98
-4.08
0.24
1.17
0.09
0.06
-0.11
1.92
2.08
2.17
1.55
1.81
2.58
1.86
1.94
1.89
1.86
1.82
1.86
1.81
1.83
1.92
2.40
1.69
2.09
0.05
0.07
-0.02
0.11
-0.23
0.03
0.19
-0.09
0.04
0.09
0.09
-0.15
-4.85
2.44
1.60
2.01
1.95
1.89
1.77
1.92
1.75
1.79
2.07
1.88
2.21
1.88
2.06
3.18
-3.63
-4.77
-2.39
-0.08
1.86
2.00
1.80
1.96
2.34
1.98
2.18
1.84
1.83
1.90
2.06
1.84
2.06
1.88
1.86
1.76
1.98
1.88
0.13
-0.11
0.05
0.11
0.07
-0.15
0.04
-0.04
0.11
0.41
-0.05
0.20
0.05
2.70
1.95
2.23
1.90
1.77
2.16
1.91
1.85
2.27
0.84
2.06
1.97
1.82
1.78
2.22
1.90
1.79
2.31
2.02
1.81
2.57
2.09
1.88
1.76
2.03
1.54
1.81
1.81
2.09
2.06
2.10
2.37
1.62
2.07
2.03
1.93
2.06
-0.07
0.02
-0.02
-0.13
0.20
0.44
-0.03
-0.05
-0.05
0.29
-0.03
0.04
0.15
-5.30
1.83
1.63
1.89
1.79
1.85
2.75
1.69
1.57
2.10
1.87
1.86
1.99
2.42
2.22
1.89
1.91
1.60
1.86
1.87
1.98
1.98
1.97
1.86
1.90
1.89
1.78
2.03
1.86
1.86
1.95
1.92
2.08
1.92
1.91
1.84
2.03
0.18
-0.33
-0.11
-0.05
-0.01
0.07
0.05
0.17
-0.11
0.16
0.35
0.06
0.15
0.12
0.10
2.06
2.08
2.28
1.60
1.99
2.06
2.00
1.95
1.85
1.77
1.95
2.01
1.84
2.07
2.04
1.84
2.11
1.99
1.94
1.93
2.09
1.69
1.87
1.88
1.81
1.98
1.72
2.17
1.87
1.84
1.95
2.05
1.92
2.07
2.09
-0.04
0.27
0.12
-0.16
0.03
0.02
0.06
0.07
-0.05
0.12
0.10
0.10
0.07
-0.31
-3.60
2.33
2.64
1.96
1.78
1.76
1.93
2.05
1.86
1.96
2.26
1.96
2.14
2.15
1.87
1.81
2.54
1.88
1.94
2.30
1.96
1.89
1.92
1.96
1.94
2.04
2.07
2.43
2.06
1.98
1.89
1.97
2.17
2.05
1.82
2.00
-0.92
-1.02
-0.12
0.21
-0.08
-0.12
0.16
0.11
-0.07
-0.41
0.05
-0.83
-1.03
-0.92
-0.07
2.09
1.80
1.83
2.09
2.15
2.12
2.45
2.05
2.09
2.07
2.16
1.85
1.94
1.93
1.73
0.92
1.93
2.00
1.90
2.30
2.04
1.94
2.03
2.56
1.97
1.95
2.56
1.84
1.91
1.76
1.84
1.84
1.89
1.71
1.75
-0.30
-0.38
-0.63
-0.28
-0.42
-1.33
-0.68
-1.11
-0.67
-0.32
-0.73
-1.38
-0.48
-1.02
-0.13
2.19
1.91
2.06
2.03
2.11
1.75
1.92
2.24
1.91
1.97
1.80
2.17
1.73
1.99
2.00
2.00
2.12
2.01
2.59
2.20
1.99
2.13
2.05
2.07
2.01
2.09
1.88
1.83
2.23
1.88
2.33
2.23
2.07
1.94
2.61
