2.67
2.55
2.57
2.23
2.06
2.33
2.52
2.48
2.28
2.19
2.10
2.16
2.52
2.25
2.22
2.57
2.05
2.46
2.60
1.92
2.54
2.34
2.11
4.19
2.33
2.59
2.47
2.22
1.93
2.30
2.66
2.24
2.27
2.26
2.44
2.55
2.29
2.90
2.54
2.24
2.29
2.23
2.41
2.38
2.31
2.55
2.48
2.25
2.52
2.34
2.60
-5.52
-4.56
-4.04
2.40
-4.69
2.54
1.99
-3.99
2.24
-5.72
-3.73
-4.09
1.80
2.55
-4.34
-4.74
-5.68
-5.25
3.88
2.50
-5.16
-5.11
-5.39
2.58
2.19
-5.75
2.33
-5.38
-5.31
-4.94
-5.44
2.06
-4.23
-3.89
-5.09
-5.56
2.78
-5.06
-4.98
2.98
2.38
2.07
2.49
2.65
2.71
2.76
2.40
3.48
2.50
2.34
-5.48
2.71
2.81
2.47
-4.96
2.66
2.74
-5.41
2.90
-5.03
2.27
2.81
-5.30
2.54
-5.21
2.55
2.52
2.27
-5.03
2.60
-5.38
2.38
2.74
-5.26
2.34
-5.38
2.52
-5.02
2.94
2.85
2.46
2.79
-4.44
2.88
2.83
2.46
2.98
-5.14
-4.91
2.41
3.04
2.73
2.29
2.79
2.75
2.72
2.59
2.78
2.87
2.40
-5.06
2.28
2.40
2.59
-4.97
2.64
2.98
-5.34
2.88
-4.12
3.31
2.29
-4.87
2.86
-5.37
3.32
2.98
1.70
-4.88
2.79
-5.54
2.32
2.55
-5.43
2.84
-5.06
2.72
-5.18
2.85
2.52
2.85
2.77
-5.16
2.96
3.41
2.82
2.86
-5.00
-4.70
2.68
2.51
2.67
3.22
3.08
2.87
2.83
2.63
2.96
2.85
2.49
-5.57
-5.47
-5.44
3.51
-5.19
3.09
3.18
-5.07
3.17
-4.12
-5.31
-5.37
2.70
3.06
-4.08
-5.28
-5.05
-5.13
2.80
3.17
-5.37
-5.28
-5.13
2.65
2.77
-5.29
3.04
-5.42
-5.36
-5.09
-3.78
4.30
-4.79
-5.07
-4.60
2.70
3.55
-5.25
-4.98
3.41
3.43
3.51
3.21
2.78
3.07
3.09
3.52
2.89
2.99
2.76
3.28
3.09
-5.42
3.00
-5.18
2.73
3.45
-4.87
2.63
-4.88
-4.77
2.69
3.22
2.35
-5.01
3.48
2.60
3.16
3.68
3.45
-4.84
-4.90
3.06
3.37
2.89
-5.32
2.86
3.05
2.61
3.36
-5.04
4.37
-5.32
3.85
2.97
3.42
3.64
-3.76
-4.65
3.23
2.50
2.54
2.73
3.28
2.78
4.54
2.54
2.85
4.42
2.87
3.11
2.58
-5.04
2.76
-4.70
3.56
2.53
-5.39
2.83
-5.29
3.37
-5.19
3.21
2.74
-5.37
3.90
3.39
4.08
3.72
3.03
-5.03
3.25
-5.09
3.54
2.76
-5.30
2.42
5.05
3.10
3.94
-5.05
3.58
-4.51
3.04
4.27
3.74
3.18
3.05
3.83
4.19
2.99
3.90
3.85
2.95
2.91
2.19
3.80
3.66
3.22
3.56
-5.29
-4.91
-5.24
3.62
-5.10
-5.61
-4.93
-4.70
3.31
-4.96
4.26
2.43
-4.86
4.10
-5.05
3.43
4.00
3.37
3.63
3.34
-4.96
4.36
3.36
-4.66
2.92
-4.84
3.76
-5.03
-4.71
-4.85
-5.23
3.78
-5.07
-5.51
-5.31
-5.33
3.00
-5.13
-5.15
3.13
2.22
4.24
4.55
3.61
3.24
5.00
2.82
4.08
3.83
4.55
3.29
4.59
2.93
4.62
3.86
3.21
3.95
4.80
3.69
3.54
3.98
3.91
4.95
4.20
4.87
3.90
4.19
3.90
4.37
3.95
5.54
3.94
5.13
4.25
4.53
4.22
5.82
3.75
5.28
3.90
4.32
4.33
4.12
4.02
3.40
6.08
4.94
6.13
4.74
4.45
4.09
5.64
4.69
5.14
4.81
5.20
4.20
3.41
5.97
-0.64
-0.53
-0.26
-0.13
-4.32
-4.77
-0.91
-0.49
-0.06
-0.78
0.11
0.10
-0.81
-0.39
-0.27
-0.32
-0.53
-0.74
-1.10
-0.45
-0.04
-0.62
-0.47
0.12
-0.27
-0.49
-0.71
0.06
-0.11
0.11
-0.51
-0.19
0.16
-0.88
-0.54
0.02
-0.23
-0.10
-0.04
0.27
0.11
0.11
0.29
-0.28
0.05
0.33
0.03
-0.05
-0.01
0.23
-0.73
-0.78
-0.32
-0.33
-4.68
-4.93
-4.94
-5.52
-0.99
-0.06
0.20
0.29
-0.32
-0.24
-0.78
-0.45
-0.27
-0.27
0.00
-0.65
0.23
-0.13
-0.00
0.18
-0.21
-0.82
-0.35
-0.38
-0.43
-1.23
-0.10
0.23
-0.72
-0.40
-0.46
-0.35
-0.97
-0.32
-0.00
-0.25
-0.10
-0.00
0.08
0.42
0.09
0.18
-0.18
-0.07
-0.02
0.23
-0.26
-0.25
-0.62
-0.36
-5.12
-3.66
-4.92
0.16
-0.25
0.61
-5.03
-0.83
-0.16
0.02
-0.64
-0.64
0.02
-0.45
-1.07
-0.34
-0.23
-0.06
0.25
-0.47
-0.35
-0.02
0.11
-0.21
-0.48
-0.08
0.01
-0.29
-0.28
0.41
-0.29
-0.32
-0.27
0.14
0.14
0.01
-0.01
-0.04
0.17
-0.16
-0.26
0.03
0.00
0.08
-0.16
0.12
-0.24
-0.50
0.09
-0.32
-3.65
-5.21
-4.71
0.07
0.02
0.25
0.27
2.08
-0.08
-0.07
-0.32
-0.50
-0.65
-0.03
-0.10
-0.33
-0.60
-1.52
0.01
0.10
-0.00
0.07
-0.42
0.00
-0.87
-0.35
-0.88
-0.43
-0.73
-0.27
0.20
-1.17
0.11
-0.12
-0.26
-0.23
-0.20
0.17
0.09
-0.19
0.37
0.00
0.11
-0.55
0.47
0.10
-0.26
-0.56
-0.29
0.39
0.79
0.16
-5.06
2.34
0.12
0.41
0.17
0.02
0.02
2.11
-0.78
-0.54
0.13
-0.20
-0.16
-0.22
-0.24
-0.28
-0.17
-0.05
-1.13
0.10
-0.22
0.19
-0.94
-0.54
-0.25
-0.43
0.25
-0.01
0.08
0.22
0.01
-0.09
0.02
-0.74
-1.10
-1.25
-0.68
-1.56
-0.87
-1.46
-0.87
-2.35
-1.46
-0.85
0.02
-0.32
-0.11
-0.14
-1.03
-0.04
-4.99
-2.50
0.08
0.32
0.01
0.30
0.27
0.30
-0.44
-4.96
-0.06
-0.49
0.24
-0.08
-0.26
0.15
-0.08
-0.04
0.32
0.16
-0.24
-0.20
0.11
0.15
-0.17
0.12
-0.10
-0.10
-0.13
-0.25
-0.27
-0.17
-0.19
-0.01
-1.50
-1.97
-1.89
-3.02
-2.10
-2.22
-2.71
-1.32
-4.94
0.25
0.07
0.03
-1.20
0.05
0.05
-0.30
0.30
-5.07
0.09
0.28
-0.08
0.31
-0.09
-0.35
0.17
-0.19
-0.08
-0.10
-0.02
-0.63
-0.17
-0.21
0.12
0.31
0.23
-0.14
-1.44
-0.29
-0.32
-0.12
-0.10
-0.11
0.04
0.07
-0.91
-0.12
1.61
-0.73
0.11
0.03
-1.18
-2.27
-1.53
-1.84
-1.72
-2.07
-5.09
2.74
2.44
0.33
-0.37
-0.02
0.18
-0.02
-0.14
0.42
-0.28
-1.40
0.04
0.52
0.20
0.37
0.15
-0.03
0.36
0.20
0.10
0.22
-4.96
-0.01
-0.31
0.13
-0.11
-0.51
0.00
-0.25
-0.06
-0.03
0.11
-0.56
-0.85
-0.02
0.13
0.06
0.02
0.73
0.44
0.14
-0.18
-0.67
-1.67
-2.51
-2.08
-1.90
-4.91
-0.16
2.43
0.09
-0.18
0.38
-0.51
0.02
-0.19
0.15
-0.01
0.01
-0.20
0.30
-4.07
0.16
-0.07
0.26
-0.06
0.15
-0.23
-0.06
-0.29
0.21
-0.05
-4.96
0.46
-1.68
0.17
0.09
-0.36
-0.60
-0.11
-0.52
0.02
0.33
-0.23
0.17
-0.06
-0.17
-0.07
-0.03
-0.09
-0.11
0.02
-0.16
-1.18
-2.31
0.66
0.20
0.20
0.05
-0.18
0.37
0.00
0.45
0.30
-0.73
0.37
-0.01
0.26
-0.33
0.12
0.07
-1.05
-0.19
0.13
0.29
0.40
-0.45
1.86
0.37
-0.13
0.29
-0.07
0.47
1.99
-0.03
-0.36
0.00
0.18
0.33
-0.19
0.42
0.16
-0.93
0.08
-0.17
-0.28
-0.15
0.18
-0.22
0.07
-0.23
-0.09
-2.65
-0.23
0.11
0.00
-0.24
0.10
0.12
0.00
1.01
0.25
0.79
0.19
0.11
0.17
-0.14
-0.48
-0.02
0.12
-0.68
-1.10
-5.08
2.18
0.12
0.22
0.30
0.20
-0.39
0.21
-0.46
0.29
0.30
-0.01
2.16
-0.56
-0.24
-0.21
-0.04
-1.58
-0.19
0.29
-1.57
-2.43
-4.83
-5.04
-4.12
-0.80
-0.41
-0.71
-1.05
-0.23
2.16
0.09
0.07
0.30
0.12
0.06
0.16
0.00
-0.39
0.06
0.28
-0.92
0.08
-0.21
-0.28
0.29
-0.28
-0.10
-0.54
-1.10
-1.06
2.14
0.90
-0.31
-0.02
0.03
0.16
0.18
0.27
0.54
-0.28
0.21
0.32
0.27
0.05
0.28
0.07
0.10
-0.09
-0.17
2.12
0.32
2.20
2.34
2.11
1.26
0.12
0.07
0.19
0.46
-0.53
-0.35
-0.27
0.07
0.13
-0.06
1.20
0.33
0.01
0.03
0.37
-0.61
-0.22
0.04
0.14
0.06
0.08
-0.40
-0.71
-1.52
-1.64
-1.08
2.50
-1.06
0.07
-0.07
0.18
-0.42
0.59
0.23
0.39
0.03
0.17
0.10
0.20
0.10
0.16
0.04
0.24
0.09
-0.10
0.22
-0.05
0.14
0.68
0.28
0.63
0.23
0.37
-0.32
0.68
0.17
0.00
-0.01
0.23
0.02
0.55
0.50
-0.03
0.24
-0.05
0.06
0.06
-0.10
0.14
-0.13
-0.06
-0.45
-0.57
-1.40
-1.30
-1.72
-4.85
0.30
0.03
0.05
0.19
1.01
0.27
0.74
-0.19
0.65
1.45
0.29
-0.13
0.08
0.40
0.15
0.18
0.19
0.13
1.05
0.52
-0.28
-0.09
0.16
-0.06
-0.28
-0.08
0.60
0.71
0.21
0.42
0.35
0.37
0.58
0.21
0.21
0.05
1.21
0.31
-1.16
-0.75
-1.06
-0.92
-0.29
-1.08
-1.05
-0.97
-1.98
-1.57
-1.52
-2.40
-4.83
2.77
-0.15
0.22
-0.16
0.01
0.02
0.58
0.19
-0.04
0.77
0.13
0.29
0.48
0.38
0.25
0.05
0.26
1.29
0.71
-0.06
-0.07
0.63
1.40
0.41
0.18
-0.01
0.39
-0.53
0.50
0.92
-0.35
0.21
1.14
-1.03
0.32
0.69
2.90
-1.78
-0.91
-1.43
-1.54
-2.00
-1.64
-1.24
-1.66
-1.44
-1.09
-2.46
-2.47
-4.78
-5.17
0.17
0.69
-4.74
1.65
0.12
0.31
0.77
0.15
1.02
0.34
0.95
0.24
0.72
-0.42
0.14
0.24
0.70
-0.30
0.63
1.10
0.20
0.27
0.48
0.89
1.60
1.25
0.44
-0.18
0.69
-0.12
1.16
-0.10
1.42
0.36
2.22
0.27
-3.09
-2.93
-2.22
-3.09
-2.60
-2.48
-2.50
-1.72
-2.54
-1.58
-2.59
-2.60
-2.68
-4.57
-4.98
-4.67
-0.07
0.38
0.13
0.58
0.50
-0.23
0.51
0.67
0.59
0.22
0.41
0.16
1.69
1.08
0.41
0.46
0.35
-0.14
0.14
1.73
-0.01
1.68
1.65
-0.23
0.33
1.12
0.59
0.04
0.77
1.49
0.80
-0.37
0.14
-0.02
-4.80
-4.79
-4.97
-4.92
-4.81
-4.70
-3.03
-2.51
-1.49
-1.44
-1.88
-1.50
-2.69
-3.24
-5.10
-0.04
0.37
0.45
0.08
-0.01
0.71
0.15
1.06
1.30
0.48
0.50
0.33
0.18
0.48
0.64
1.88
0.77
0.89
0.74
0.60
2.46
1.46
0.88
1.15
0.72
0.74
0.65
0.19
0.47
2.39
0.75
-4.70
0.35
-0.10
-0.08
-4.68
-5.22
-5.23
-5.22
-4.90
-4.76
-3.59
-2.72
-2.06
-1.19
-2.14
-1.99
-1.92
-3.40
-1.52
0.11
1.81
1.78
-0.08
1.26
1.01
0.40
0.83
0.90
0.43
0.27
0.43
0.96
0.73
1.53
1.02
1.11
0.96
-1.12
1.60
1.12
0.28
1.03
1.25
0.82
0.79
0.53
0.76
1.11
0.33
-4.99
-0.53
0.13
-0.13
-0.08
-4.37
-4.36
-5.26
-4.98
-5.19
-5.31
-5.01
-5.19
-2.36
-1.30
-1.13
-1.63
-1.42
-1.07
-0.19
0.81
0.90
0.72
0.63
1.62
1.25
-0.20
0.94
0.54
0.65
0.88
1.10
0.97
-0.01
1.01
0.51
0.48
0.95
1.03
1.95
0.88
0.69
1.59
0.57
1.10
0.35
0.58
0.34
0.86
1.31
0.88
-0.51
-0.17
-0.33
-0.16
-5.12
-5.21
-5.29
-4.79
-4.05
-5.13
-4.54
-4.91
-2.59
-1.30
-1.11
-1.03
-1.22
-4.93
0.73
1.80
1.41
0.85
1.00
-4.76
-0.58
-3.36
0.42
0.85
1.22
0.75
0.70
1.59
1.04
0.93
1.40
0.35
1.61
1.34
0.34
0.03
0.03
-5.07
-5.14
0.80
2.10
1.15
2.85
0.75
0.70
1.13
-4.87
-0.30
0.05
0.23
-5.27
-4.66
-5.60
-5.13
-5.31
-4.85
-4.67
-4.98
-3.19
-2.40
-1.09
-1.43
-1.40
2.81
0.96
1.32
0.67
-0.12
2.08
-0.12
2.46
-4.79
-4.73
2.10
0.65
0.99
1.07
0.66
1.16
2.19
1.17
1.54
1.69
1.62
1.19
-5.28
2.38
2.03
-3.19
1.38
1.42
0.46
2.78
0.91
0.76
0.84
0.74
-0.08
-0.88
-1.06
-5.04
-4.90
-4.57
-4.10
-5.25
-5.09
-5.06
-4.96
-3.34
-1.74
-1.20
-0.83
-0.84
0.34
1.04
0.82
1.40
0.40
2.14
-2.34
-4.54
-5.12
-4.94
2.11
1.29
2.48
1.09
1.15
1.20
1.32
-0.04
2.38
1.89
1.08
2.32
-5.05
-3.51
-3.42
-4.92
1.98
1.06
1.29
1.06
2.34
1.02
1.22
2.29
-1.46
-0.96
-0.72
-4.61
-5.25
-4.63
-4.78
-5.28
-5.11
-4.80
-3.58
-4.90
-1.61
-0.95
-0.79
-5.11
2.14
0.81
1.88
0.91
1.26
0.74
-4.64
-4.69
-2.45
-0.04
0.89
1.98
2.16
1.18
1.32
1.63
1.33
1.18
1.80
1.46
1.76
0.66
2.45
-4.13
-3.15
-5.37
2.12
1.44
2.48
1.50
1.77
0.57
1.09
2.27
-5.19
-1.52
-0.99
-4.92
-4.72
-5.17
-5.09
-4.59
-4.88
-5.31
-3.17
-3.77
-1.48
-0.58
-0.50
2.30
1.01
1.29
0.22
1.17
1.38
0.95
1.16
-0.83
-0.26
2.14
1.52
1.06
1.24
1.26
1.90
1.12
1.27
1.25
1.93
2.17
1.83
2.30
-0.03
2.28
0.34
1.69
1.10
1.84
1.13
1.43
1.28
1.61
2.35
1.82
2.26
-1.13
-1.07
-4.94
-5.02
-4.63
-5.11
-4.52
-4.76
-4.49
-3.14
-2.14
-2.09
-0.76
-0.82
0.33
0.35
1.82
1.20
1.75
1.78
2.36
2.38
1.19
1.91
1.87
1.96
1.45
1.05
-4.70
-4.98
-4.99
0.22
1.92
1.97
1.27
2.04
1.42
1.52
1.35
1.36
2.26
2.42
1.07
2.23
1.80
1.75
1.64
2.68
2.46
2.07
-1.11
-0.91
-5.15
-5.42
-4.98
-5.03
-5.03
-4.84
-5.35
-5.02
-3.38
-1.85
-1.43
-1.05
0.59
1.62
-0.19
0.08
0.01
2.51
2.08
1.44
2.21
1.16
2.59
1.49
2.05
1.65
2.18
2.43
1.99
1.85
1.37
2.32
1.80
1.86
1.27
1.96
2.55
1.86
2.03
2.43
1.64
0.57
-0.02
1.16
1.70
1.86
2.00
2.00
-5.15
-1.01
-4.63
-4.81
-5.09
-4.79
-4.84
-4.97
-4.73
-2.59
-1.50
0.06
-0.95
-4.94
2.26
0.00
-0.24
-0.06
0.62
-0.07
1.88
2.63
1.48
1.99
1.87
1.99
2.00
2.34
1.68
2.12
1.75
1.90
2.24
2.59
1.65
1.96
2.29
1.85
2.06
1.92
2.04
-0.15
0.08
0.22
-0.10
0.42
-0.06
2.02
2.62
2.18
-2.63
-0.94
-3.07
-2.89
-2.77
-2.93
-2.79
-1.86
-1.90
-0.89
-1.04
-0.57
-0.30
-5.12
-0.25
-0.19
0.15
-0.27
-0.00
0.55
1.92
1.83
2.22
2.72
2.11
2.03
1.66
2.79
1.84
2.67
1.88
1.62
1.83
2.44
2.56
1.83
1.45
2.19
2.46
1.96
1.99
-0.63
0.38
-0.08
-0.04
0.14
0.11
0.42
1.77
2.23
2.03
-0.79
-1.32
-1.36
-2.20
-1.04
-1.41
-1.09
-1.06
-0.98
-1.01
-0.43
-0.10
0.53
-0.09
0.01
0.12
-0.14
0.15
0.39
1.88
1.93
2.10
1.86
2.28
1.91
2.10
1.52
2.57
-4.65
-3.14
-4.85
-4.83
0.04
1.49
1.97
1.98
2.52
2.09
2.49
2.07
-0.12
0.24
-0.04
-0.02
0.27
-0.19
2.42
3.06
1.87
2.43
-1.00
-0.90
-0.37
-0.49
-0.08
-1.51
-1.05
-0.14
0.07
0.21
0.01
0.09
0.01
0.16
-0.01
0.36
0.15
-0.01
-0.01
2.37
1.87
1.89
1.86
2.29
1.70
1.75
2.46
-1.00
-0.13
0.25
1.22
-1.14
0.15
2.34
2.33
1.88
2.47
1.91
1.97
1.91
0.04
-0.07
-0.30
-0.56
-0.39
-0.43
1.89
2.66
2.07
2.21
-4.68
0.05
-0.34
-0.03
0.02
1.35
0.15
-0.40
0.18
-0.31
-0.01
0.12
-5.28
0.10
1.56
-0.00
0.35
1.84
2.31
1.77
2.36
2.15
1.78
2.67
2.35
1.98
-4.75
0.19
0.25
0.36
0.28
-0.31
-0.11
2.49
1.91
2.09
2.75
2.27
1.94
1.88
2.07
0.30
-0.03
-0.11
-0.12
2.33
1.88
2.04
1.75
2.23
-0.05
-0.69
-0.04
-0.29
0.51
-0.58
-0.04
0.29
0.17
-0.04
-0.03
0.09
-0.02
0.21
1.89
2.25
1.96
2.14
1.86
2.06
2.00
2.30
1.89
1.50
2.12
2.00
2.74
-1.30
-0.16
0.08
0.18
1.30
-0.21
2.44
1.73
2.43
2.14
2.27
1.79
1.78
2.38
1.90
1.72
2.32
1.89
2.33
2.13
1.86
1.89
1.90
2.10
-0.19
-0.17
0.09
0.19
0.23
-0.07
0.29
-0.09
0.06
0.20
-0.13
-0.21
-0.08
2.20
2.18
1.18
2.00
1.61
1.86
1.89
2.85
1.93
2.01
1.84
2.07
2.19
-3.72
0.35
1.21
-0.01
0.19
-0.45
1.94
2.25
2.56
1.35
1.81
2.63
1.68
2.09
1.89
1.96
1.92
1.93
1.92
1.77
2.17
2.27
1.47
2.28
0.39
0.18
-0.09
0.21
-0.01
0.10
0.02
-0.16
-0.06
0.51
0.13
-0.24
-4.80
1.92
2.51
2.19
1.94
2.00
2.16
1.96
2.26
2.01
2.24
2.26
2.37
2.01
2.43
2.48
-2.61
-4.80
-2.51
0.08
1.79
2.03
2.37
2.10
2.53
2.19
1.82
2.34
1.75
1.95
2.17
1.84
2.47
2.28
1.88
2.69
3.08
2.17
-0.42
-0.22
0.10
-0.56
0.19
-0.51
0.03
-0.01
0.18
0.11
0.19
0.01
0.12
2.34
2.13
2.31
1.99
2.28
2.36
1.90
1.82
1.87
1.70
2.29
1.91
2.06
2.17
2.22
2.65
2.38
2.24
2.14
2.11
3.25
2.15
2.08
2.27
2.15
1.44
2.02
2.52
2.08
2.16
2.15
2.82
2.57
2.21
2.27
1.86
2.38
-0.14
-0.31
-0.08
-0.40
-0.09
0.42
-0.18
-0.09
0.18
0.11
0.01
0.14
-0.31
-5.02
2.05
1.49
1.82
2.28
2.38
2.89
1.74
1.87
2.16
1.84
2.20
2.17
2.20
2.24
1.84
1.65
1.47
2.08
1.80
2.09
1.74
1.94
1.81
2.12
1.95
2.29
2.11
1.88
2.03
2.16
1.86
2.39
2.09
2.00
2.08
2.16
0.10
-0.49
0.06
-0.14
-0.10
0.02
-0.22
0.10
-0.76
-0.21
0.22
-0.08
-0.13
0.17
0.38
2.20
2.28
2.69
2.42
1.78
2.13
2.13
2.02
1.98
1.75
1.96
2.22
1.99
2.16
2.30
1.93
2.25
2.21
2.07
1.96
2.14
2.31
1.91
2.11
2.63
2.27
1.60
2.35
2.21
2.66
2.09
2.13
2.76
2.34
2.44
0.01
0.08
0.18
-0.04
0.13
0.17
0.02
0.09
-0.15
-0.13
0.32
0.31
0.25
-0.15
-2.40
2.52
2.42
2.46
1.59
1.70
2.33
2.15
2.24
2.25
2.39
2.21
2.29
3.07
2.06
1.87
2.81
1.96
2.04
2.56
2.47
2.00
1.95
1.91
2.05
2.36
2.19
2.09
1.81
2.46
1.65
1.72
2.57
2.14
1.97
2.13
-0.56
-0.81
0.04
0.15
-0.17
-0.82
-0.04
0.15
-0.05
-0.17
-0.09
-0.59
-0.60
-0.83
-0.20
2.47
1.81
2.05
2.40
1.76
2.14
2.51
2.33
2.31
2.21
2.37
1.92
2.25
2.45
1.84
1.14
1.98
2.11
2.51
2.58
2.19
2.05
2.14
2.44
2.46
2.38
2.57
2.77
2.08
1.46
2.30
2.17
2.15
1.92
2.46
-0.47
-0.67
-1.35
-0.37
-0.37
-2.01
-1.08
-0.84
-0.61
-0.62
-0.78
-1.13
-0.51
-0.49
-0.33
2.48
2.08
2.14
2.06
1.84
2.39
2.03
2.31
2.10
2.38
3.09
2.33
2.34
2.07
2.36
2.20
2.37
2.17
2.56
2.44
2.03
2.51
2.13
2.27
2.01
2.37
1.81
2.68
2.42
2.03
2.58
2.52
2.15
2.11
2.28
